remaining_time,robot_mode,alarm,robot_x,robot_y,robot_theta,tree_1,tree_2,tree_3,tree_4,tree_5,tree_6,tree_7,tree_8,tree_9,battery_level,temperature,water_robot_tank,water_ground_tank,leak_1,leak_2,leak_3,leak_4,leak_5,leak_6,leak_7,leak_8,leak_9,key_front,key_back,key_left,key_right,key_space,click_left,click_right,click_push,click_wrench,click_leak_1,click_leak_2,click_leak_3,click_leak_4,click_leak_5,click_leak_6,click_leak_7,click_leak_8,click_leak_9,click_rm_alarm,error_down,error_up,error_click,shortcuts,water_robot_tank_oh,water_ground_tank_oh,close_to_water
1.0,0,-1.0,-1.3929885656072116e-07,-2.669049308234861e-07,5.4369572187074056e-05,0.0,0.0,0.0,0,0,0,0,0,0,100,20.0,50,0.0,-1.1818181818181819,-1.0,-1.0,0,0,0,0,0,0,-1,-1,-1,-1,-1,0,0,0,-1.0,-1.0,-1.0,-1.0,-1.0,-1.0,-1.0,-1.0,-1.0,-1.0,-1.0,-1.0,-1.0,0,-2,1,1,0
0.9966666666666666,0,-1.0,-1.3103813212289595e-07,-2.6935704222630363e-07,5.4614545748510324e-05,0.0,0.0,0.0,0,0,0,0,0,0,100,20.0,50,0.0,-1.1818181818181819,-1.0,-1.0,0,0,0,0,0,0,-1,-1,-1,-1,-1,0,0,0,-1.0,-1.0,-1.0,-1.0,-1.0,-1.0,-1.0,-1.0,-1.0,-1.0,-1.0,-1.0,-1.0,0,-2,1,1,0
0.9933333333333334,0,-1.0,-1.2388107961669448e-07,-2.7188573314962383e-07,5.4862506961850244e-05,0.0,0.0,0.0,0,0,0,0,0,0,99,20.0,50,0.0,-1.1818181818181819,-1.0,-1.0,0,0,0,0,0,0,-1,-1,-1,-1,-1,0,0,0,-1.0,-1.0,-1.0,-1.0,-1.0,-1.0,-1.0,-1.0,-1.0,-1.0,-1.0,-1.0,-1.0,0,-2,1,1,0
0.99,0,-1.0,-1.1671265842672085e-07,-2.7444818895272505e-07,5.511533179447525e-05,0.0,0.0,0.15915494309189526,0,0,0,0,0,0,99,20.0,50,0.0,-1.1818181818181819,-1.0,-1.0,0,0,0,0,0,0,-1,-1,-1,-1,-1,0,0,0,-1.0,-1.0,-1.0,-1.0,-1.0,-1.0,-1.0,-1.0,-1.0,-1.0,-1.0,-1.0,-1.0,0,-2,1,1,0
0.9866666666666666,0,-1.0,0.028675642609596208,-1.5460410213608e-05,0.08488640683306925,0.0,0.0,0.15915494309189526,0,0,0,0,0,0,98,20.0,50,0.0,-1.1818181818181819,-1.0,-1.0,0,0,0,0,0,0,1,-1,1,-1,-1,0,0,0,-1.0,-1.0,-1.0,-1.0,-1.0,-1.0,-1.0,-1.0,-1.0,-1.0,-1.0,-1.0,-1.0,0,-2,1,1,0
0.9833333333333334,0,-1.0,0.028711062669753984,-7.277006516237527e-05,0.19839183752542744,0.0,0.0,0.15915494309189526,0,0,0,0,0,0,98,20.0,50,0.0,-1.1818181818181819,-1.0,-1.0,0,0,0,0,0,0,-1,-1,1,-1,-1,0,0,0,-1.0,-1.0,-1.0,-1.0,-1.0,-1.0,-1.0,-1.0,-1.0,-1.0,-1.0,-1.0,-1.0,0,-2,1,1,0
0.98,0,-1.0,0.02870358824729924,-5.581823643296957e-05,0.3724996584212872,0.0,0.0,0.15915494309189526,0,0,0,0,0,0,97,20.0,50,0.0,-1.1818181818181819,-1.0,-1.0,0,0,0,0,0,0,-1,-1,1,-1,-1,0,0,0,-1.0,-1.0,-1.0,-1.0,-1.0,-1.0,-1.0,-1.0,-1.0,-1.0,-1.0,-1.0,-1.0,0,-2,1,1,0
0.9766666666666666,0,-1.0,0.02867608368396768,-6.383612053473264e-05,0.5361230251046909,0.0,0.0,0.15915494309189526,0,0,0,0,0,0,97,20.0,50,0.0,-1.1818181818181819,-1.0,-1.0,0,0,0,0,0,0,-1,-1,1,-1,-1,0,0,0,-1.0,-1.0,-1.0,-1.0,-1.0,-1.0,-1.0,-1.0,-1.0,-1.0,-1.0,-1.0,-1.0,0,-2,1,1,0
0.9733333333333334,0,-1.0,0.028676366806030362,-7.330463849941626e-05,0.7040163604387191,0.0,0.0,0.15915494309189526,0,0,0,0,0,0,96,20.0,50,0.0,-1.1818181818181819,-1.0,-1.0,0,0,0,0,0,0,-1,-1,1,-1,-1,0,0,0,-1.0,-1.0,-1.0,-1.0,-1.0,-1.0,-1.0,-1.0,-1.0,-1.0,-1.0,-1.0,-1.0,0,-2,1,1,0
0.97,0,-1.0,-0.016097691655158952,0.05256416201591496,0.693785420080957,0.0,0.0,0.15915494309189526,0,0,0,0,0,0,96,20.0,50,0.0,-1.1818181818181819,-1.0,-1.0,0,0,0,0,0,0,1,-1,-1,1,-1,0,0,0,-0.4285714285714286,-1.0,-1.0,-1.0,-1.0,-1.0,-1.0,-1.0,-1.0,-1.0,-1.0,-1.0,-1.0,0,-2,1,1,0
0.9666666666666666,1,-1.0,-0.09793899059295652,0.17029967308044425,0.6938820293122172,0.0,0.0,0.15915494309189526,0,0,0,0,0,0,95,20.0,50,0.0,-1.1818181818181819,-1.0,-1.0,1,0,0,0,0,0,1,-1,1,-1,-1,1,0,0,-0.4285714285714286,-1.0,-1.0,-1.0,-1.0,-1.0,-1.0,-1.0,-1.0,-1.0,-1.0,-1.0,-1.0,0,-2,1,1,0
0.9633333333333334,1,-1.0,-0.09793899059295652,0.17029967308044425,0.6938820293122172,0.0,0.0,0.15915494309189526,0,0,0,0,0,0,95,20.0,50,-0.011111111111111405,-1.1818181818181819,-1.0,-1.0,1,0,0,0,0,0,1,-1,-1,-1,-1,2,0,0,-1.0,-1.0,-1.0,-1.0,-1.0,-1.0,-1.0,-1.0,-1.0,-1.0,-1.0,-1.0,-1.0,0,-2,1,1,0
0.96,1,-1.0,-0.14145678281784058,0.2165786743164062,0.7525994201140289,0.0,0.0,0.15915494309189526,0,0,0,0,0,0,94,20.0,50,-0.02222222222222281,-1.1818181818181819,-1.0,-1.0,1,0,0,0,0,0,1,-1,-1,-1,-1,0,0,0,-1.0,-1.0,-1.0,-1.0,-1.0,-1.0,-1.0,-1.0,-1.0,-1.0,-1.0,-1.0,-1.0,0,-2,1,1,0
0.9566666666666668,1,-1.0,-0.20101823806762698,0.2750308275222779,0.7535800076058705,0.0,0.0,0.15915494309189526,0,0,0,0,0,0,94,20.0,50,-0.02888888888888952,-1.1818181818181819,-1.0,-1.0,1,0,0,0,0,0,-1,-1,-1,-1,-1,0,0,0,-1.0,-1.0,-1.0,-1.0,-1.0,-1.0,-1.0,-1.0,-1.0,-1.0,-1.0,-1.0,-1.0,0,-2,1,1,0
0.9533333333333334,1,-1.0,-0.2605355262756348,0.3334604501724243,0.7523617295309126,0.0,0.0,0.15915494309189526,0,0,0,0,0,0,93,20.0,50,-0.04000000000000126,-1.1818181818181819,-1.0,-1.0,1,0,0,0,0,0,-1,-1,-1,-1,-1,0,2,0,-1.0,-1.0,-1.0,-1.0,-1.0,-1.0,-1.0,-1.0,-1.0,-1.0,-1.0,-1.0,-1.0,0,-2,1,1,0
0.95,1,-1.0,-0.3201393604278564,0.3917593002319335,0.754191157754605,0.0,0.0,0.15915494309189526,1,0,0,0,0,0,93,20.0,50,-0.05111111111111255,-1.1818181818181819,-1.0,-1.0,1,0,0,0,0,0,-1,-1,-1,-1,-1,0,3,0,-1.0,-1.0,-1.0,-1.0,-1.0,-1.0,-1.0,-1.0,-1.0,-1.0,-1.0,-1.0,-1.0,0,-2,1,1,0
0.9466666666666668,1,-1.0,-0.38034315109252925,0.44954371452331543,0.757336763431359,0.0,0.0,0.15915494309189526,1,0,0,0,0,0,92,20.0,50,-0.062222222222223955,-1.1818181818181819,-1.0,-1.0,1,0,0,0,0,0,-1,-1,-1,-1,-1,0,1,0,-1.0,-1.0,-1.0,-1.0,-1.0,-1.0,-1.0,-1.0,-1.0,-1.0,-1.0,-1.0,-1.0,0,-2,1,1,0
0.9433333333333334,1,-1.0,-0.44061055183410647,0.5072653770446778,0.7587288318751984,0.0,0.0,0.15915494309189526,1,0,0,0,0,0,92,20.0,50,-0.07333333333333558,-1.1818181818181819,-1.0,-1.0,1,0,0,0,0,0,-1,-1,-1,-1,-1,1,0,0,-1.0,-1.0,-1.0,-1.0,-1.0,-1.0,-1.0,-1.0,-1.0,-1.0,-1.0,-1.0,-1.0,0,-2,1,1,0
0.94,1,-1.0,-0.5012301445007324,0.5646024227142334,0.7608631900998366,0.0,0.0,0.15915494309189526,1,1,0,0,0,0,91,20.0,50,-0.08111111111111347,-1.1818181818181819,-1.0,-1.0,1,0,0,0,0,0,-1,-1,-1,-1,-1,1,1,0,-1.0,-1.0,-1.0,-1.0,-1.0,-1.0,-1.0,-1.0,-1.0,-1.0,-1.0,-1.0,-1.0,0,-2,1,1,0
0.9366666666666668,1,-1.0,-0.5618213653564453,0.6210258960723878,0.761671580933603,0.0,0.0,0.15915494309189526,1,1,0,0,0,0,91,20.0,50,-0.08666666666666922,-1.1818181818181819,-1.0,-1.0,1,0,0,0,0,0,-1,-1,-1,-1,-1,2,0,0,-1.0,-1.0,-1.0,-1.0,-1.0,-1.0,-1.0,-1.0,-1.0,-1.0,-1.0,-1.0,-1.0,0,-2,1,1,0
0.9333333333333333,0,-1.0,-0.6111396312713622,0.6663168907165526,0.7670132442104978,0.0,0.0,0.15915494309189526,1,1,0,0,0,0,90,20.0,50,-0.09222222222222487,-1.1818181818181819,-1.0,-1.0,1,0,0,0,0,0,-1,-1,-1,-1,-1,0,1,0,-1.0,-1.0,-1.0,-1.0,-1.0,-1.0,-1.0,-1.0,-1.0,-1.0,-1.0,-1.0,-1.0,0,-2,1,1,0
0.9299999999999999,0,-1.0,-0.6477133750915527,0.6989768505096436,0.767771091644406,0.0,0.0,0.15915494309189526,1,1,0,0,0,0,90,22.7680979146374,50,-0.10333333333333627,-1.1818181818181819,-1.0,-1.0,1,0,0,0,0,0,-1,-1,-1,-1,-1,2,0,0,-1.0,-1.0,-1.0,-1.0,-1.0,-1.0,-1.0,-1.0,-1.0,-1.0,-1.0,-1.0,-1.0,0,-2,1,1,0
0.9266666666666667,0,-1.0,-0.6497696876525879,0.7008130073547363,0.7679440472123888,0.0,0.0,0.15915494309189526,1,1,0,0,0,0,89,24.51948545944642,50,-0.11111111111111427,-1.1818181818181819,-1.0,-1.0,1,0,0,0,0,0,-1,-1,-1,-1,-1,0,0,0,-1.0,-1.0,-1.0,-1.0,-1.0,-1.0,-1.0,-1.0,-1.0,-1.0,-1.0,-1.0,-1.0,0,-2,1,1,0
0.9233333333333333,0,-1.0,-0.6497696876525879,0.7008130073547363,0.7679440472123888,0.0,0.0,0.15915494309189526,1,1,0,0,0,0,89,26.27087300425542,50,-0.09666666666667001,-1.1818181818181819,-1.0,-1.0,1,0,0,0,0,0,-1,-1,-1,-1,-1,0,0,1,-1.0,-1.0,-1.0,-1.0,-1.0,-1.0,-1.0,-1.0,-1.0,-1.0,-1.0,-1.0,-1.0,0,-2,1,1,0
0.9199999999999999,0,-1.0,-0.6497696876525879,0.7008130073547363,0.7679440472123888,0.0,0.0,0.15915494309189526,1,1,0,0,0,0,88,28.022260549064427,50,-0.00507936507936857,-1.1818181818181819,-1.0,-1.0,1,0,0,0,0,0,-1,-1,-1,-1,-1,0,2,0,-1.0,-1.0,-1.0,-1.0,-1.0,-1.0,-1.0,-1.0,-1.0,-1.0,-1.0,-1.0,-1.0,0,-2,1,1,0
0.9166666666666667,0,-1.0,-0.6497696876525879,0.7008130073547363,0.7679440472123888,0.0,0.0,0.15915494309189526,1,1,0,0,0,0,88,29.773648093873433,50,0.07222222222221841,-1.1818181818181819,-1.0,-1.0,1,0,0,1,0,0,-1,-1,-1,-1,-1,1,1,0,-1.0,-1.0,-1.0,-1.0,-1.0,-1.0,-1.0,-1.0,-1.0,-1.0,-1.0,-1.0,-1.0,0,-2,1,1,0
0.9133333333333333,0,-1.0,-0.6497696876525879,0.7008130073547363,0.7679440472123888,0.0,0.0,0.15915494309189526,1,1,0,0,0,0,87,31.52503563868244,50,0.06650793650793263,-1.1818181818181819,-1.0,-1.0,1,0,0,1,0,0,-1,-1,-1,-1,-1,2,0,0,-1.0,-1.0,-1.0,-1.0,-1.0,-1.0,-1.0,-1.0,-1.0,-1.0,-1.0,-1.0,-1.0,0,-2,1,1,0
0.9099999999999999,0,-1.0,-0.6497696876525879,0.7008130073547363,0.7679440472123888,0.0,0.0,0.15915494309189526,1,1,0,0,1,0,87,33.27642318349145,50,0.09603174603174192,-1.1818181818181819,-1.0,-1.0,1,0,0,1,0,0,-1,-1,-1,-1,-1,1,0,0,-1.0,-1.0,-1.0,-1.0,-1.0,-1.0,-1.0,-1.0,-1.0,-1.0,-1.0,-1.0,-1.0,0,-2,1,1,0
0.9066666666666667,0,-1.0,-0.6497696876525879,0.7008130073547363,0.7679440472123888,0.0,0.0,0.15915494309189526,1,1,0,0,1,0,86,35.02781072830045,50,0.09539682539682115,-1.1818181818181819,-1.0,-1.0,1,0,0,1,0,0,-1,-1,-1,-1,-1,0,0,2,-1.0,-1.0,-1.0,-1.0,-1.0,-1.0,-1.0,-1.0,-1.0,-1.0,-1.0,-1.0,-1.0,0,-2,1,1,0
0.9033333333333333,0,-1.0,-0.6497696876525879,0.7008130073547363,0.7679440472123888,0.0,0.0,0.0,1,1,0,0,1,0,86,31.694477394967116,40,0.073174603174599,-1.1818181818181819,-1.0,-1.0,1,0,0,1,0,0,-1,-1,-1,-1,1,0,0,1,-1.0,-1.0,-1.0,-1.0,-1.0,-1.0,-1.0,-1.0,-1.0,-1.0,-1.0,-1.0,-1.0,0,-2,0,1,0
0.8999999999999999,0,-1.0,-0.6497696876525879,0.7008130073547363,0.7679440472123888,0.0,0.0,0.0,1,1,0,0,1,0,85,28.36114406163378,40,0.05095238095237686,-1.1818181818181819,-1.0,-1.0,1,0,0,1,0,0,-1,-1,-1,-1,-1,0,0,0,-1.0,-1.0,-1.0,-1.0,-1.0,-1.0,-1.0,-1.0,-1.0,-1.0,-1.0,-1.0,-1.0,0,-2,0,1,0
0.8966666666666667,0,-1.0,-0.6497696876525879,0.7008130073547363,0.7679440472123888,0.0,0.0,0.0,1,1,0,0,1,0,85,25.02781072830046,40,0.02873015873015472,-1.1818181818181819,-1.0,-1.0,1,0,0,1,0,0,-1,-1,-1,-1,-1,0,1,0,-1.0,-1.0,-1.0,-1.0,-1.0,-1.0,-1.0,-1.0,-1.0,-1.0,-1.0,-1.0,-1.0,0,-2,0,1,0
0.8933333333333333,0,-1.0,-0.6497696876525879,0.7008130073547363,0.7679440472123888,0.0,0.0,0.0,1,1,0,0,1,0,84,21.69447739496711,40,0.006507936507932577,-1.1818181818181819,-1.0,-1.0,1,0,0,1,0,0,-1,-1,-1,-1,-1,0,3,0,-1.0,-1.0,-1.0,-1.0,-1.0,-1.0,-1.0,-1.0,-1.0,-1.0,-1.0,-1.0,-1.0,0,-2,0,1,0
0.8899999999999999,0,-1.0,-0.6497696876525879,0.7008130073547363,0.7679440472123888,0.0,0.0,0.0,1,1,0,0,1,0,84,20.0,40,-0.015714285714289566,-1.1818181818181819,-1.0,-1.0,1,0,0,1,0,0,-1,-1,-1,-1,-1,0,1,0,-1.0,-1.0,-1.0,-1.0,-1.0,-1.0,-1.0,-1.0,-1.0,-1.0,-1.0,-1.0,-1.0,0,-2,0,1,0
0.8866666666666667,0,-1.0,-0.6497696876525879,0.7008130073547363,0.7679440472123888,0.0,0.0,0.0,1,1,0,0,1,0,83,20.0,40,-0.03793650793651171,-1.1818181818181819,-1.0,-1.0,1,0,0,1,0,0,-1,-1,-1,-1,-1,3,0,0,-1.0,-1.0,-1.0,-1.0,-1.0,-1.0,-1.0,-1.0,-1.0,-1.0,-1.0,-1.0,-1.0,0,-2,0,1,0
0.8833333333333333,0,-1.0,-0.6497696876525879,0.7008130073547363,0.7679440472123888,0.0,0.0,0.0,1,1,0,0,1,0,83,20.0,40,-0.06015873015873385,-1.1818181818181819,-1.0,-1.0,1,0,0,1,0,0,-1,-1,-1,-1,-1,0,1,0,-1.0,-1.0,-1.0,-1.0,-1.0,-1.0,-1.0,-1.0,-1.0,-1.0,-1.0,-1.0,-1.0,0,-2,0,1,0
0.8799999999999999,0,-1.0,-0.6497696876525879,0.7008130073547363,0.7679440472123888,0.02499999999999991,0.0,0.0,1,1,0,0,1,0,82,20.0,40,-0.08238095238095577,-1.1818181818181819,-1.0,-1.0,1,0,0,1,0,0,-1,-1,-1,-1,-1,0,1,0,-1.0,-1.0,-1.0,-1.0,-1.0,-1.0,-1.0,-1.0,-1.0,-1.0,-1.0,-1.0,-1.0,0,-2,0,1,0
0.8766666666666667,0,-1.0,-0.6497696876525879,0.7008130073547363,0.7679440472123888,0.02499999999999991,0.0,0.0,1,1,0,0,1,0,82,20.0,40,-0.10460317460317825,-1.1818181818181819,-1.0,-1.0,1,0,0,1,0,0,-1,-1,-1,-1,-1,0,0,0,-1.0,-1.0,-1.0,-1.0,-1.0,-1.0,-1.0,-1.0,-1.0,-1.0,-1.0,-1.0,-1.0,0,-2,0,1,0
0.8733333333333333,0,-1.0,-0.6497696876525879,0.7008130073547363,0.7679440472123888,0.02499999999999991,0.0,0.0,1,1,0,0,1,0,81,20.0,40,-0.12682539682540006,-1.1818181818181819,-1.0,-1.0,1,0,0,1,0,0,-1,-1,-1,-1,-1,0,0,0,-1.0,-1.0,-1.0,-1.0,-1.0,-1.0,-1.0,-1.0,-1.0,-1.0,-1.0,-1.0,-1.0,0,-2,0,1,0
0.8700000000000001,0,-1.0,-0.6497696876525879,0.7008130073547363,0.7679440472123888,0.02499999999999991,0.0,0.15915494309189526,1,1,0,0,1,0,81,20.0,40,-0.14460317460317806,-1.1818181818181819,-1.0,-1.0,1,0,0,1,0,0,-1,-1,-1,-1,-1,1,0,0,-1.0,-1.0,-1.0,-1.0,-1.0,-1.0,-1.0,-1.0,-1.0,-1.0,-1.0,-1.0,-1.0,0,-2,0,1,0
0.8666666666666667,1,-1.0,-0.6497696876525879,0.7008130073547363,0.7679440472123888,0.02499999999999991,0.0,0.15915494309189526,1,1,0,0,1,0,80,21.751387544809006,40,-0.15571428571428958,-1.1818181818181819,-1.0,-0.98,1,0,0,1,0,0,-1,-1,-1,-1,-1,1,0,0,-1.0,-1.0,-1.0,-1.0,-1.0,-1.0,-1.0,-1.0,-1.0,-1.0,-1.0,-1.0,-1.0,0,-2,0,1,0
0.8633333333333333,1,-1.0,-0.6497696876525879,0.7008130073547363,0.7679440472123888,0.02499999999999991,0.0,0.15915494309189526,1,1,0,0,1,0,80,21.751387544809006,40,-0.13238095238095582,-1.1818181818181819,-1.0,-0.98,1,0,0,1,0,0,-1,-1,-1,-1,-1,0,0,1,-1.0,-1.0,-1.0,-1.0,-1.0,-1.0,-1.0,-1.0,-1.0,-1.0,-1.0,-1.0,-1.0,0,-2,0,1,0
0.8600000000000001,1,-1.0,-0.672258996963501,0.7206089496612549,0.7716888881523254,0.02499999999999991,0.0,0.0,1,1,0,0,1,0,79,20.0,30,-0.10142857142857498,-1.1818181818181819,-1.0,-0.98,1,0,0,1,0,0,-1,-1,-1,-1,-1,0,1,0,-1.0,-1.0,-1.0,-1.0,-1.0,-1.0,-1.0,-1.0,-1.0,-1.0,-1.0,-1.0,-1.0,0,-2,0,1,0
0.8566666666666667,1,-1.0,-0.692818832397461,0.7383556842803956,0.7766034369331218,0.02499999999999991,0.0,0.0,1,1,0,0,1,0,79,20.0,30,-0.03809523809524151,-1.1818181818181819,-1.0,-0.98,1,0,0,1,0,0,-1,-1,-1,-1,-1,1,0,0,-1.0,-1.0,-1.0,-1.0,-1.0,-1.0,-1.0,-1.0,-1.0,-1.0,-1.0,-1.0,-1.0,0,-2,0,1,0
0.8533333333333333,1,-1.0,-0.6140191078186035,0.6719055652618409,0.7771786147522277,0.02499999999999991,0.0,0.0,1,1,0,0,1,0,78,20.0,30,0.010952380952377716,-1.1818181818181819,-1.0,-0.98,1,0,0,1,0,0,-1,-1,-1,-1,-1,1,0,0,-1.0,-1.0,-1.0,-1.0,-1.0,-1.0,-1.0,-1.0,-1.0,-1.0,-1.0,-1.0,-1.0,0,-2,0,1,0
0.8500000000000001,1,-1.0,-0.6140191078186035,0.6719055652618409,0.7771786147522277,0.02499999999999991,0.0,0.0,1,1,0,0,1,0,78,20.0,30,0.030952380952377956,-1.1818181818181819,-1.0,-0.98,1,0,0,1,0,1,-1,-1,-1,-1,-1,0,2,0,-1.0,-1.0,-1.0,-1.0,-1.0,-1.0,-1.0,-1.0,-1.0,-1.0,-1.0,-1.0,-1.0,0,-2,0,1,0
0.8466666666666667,1,-1.0,-0.607903003692627,0.6668221950531006,0.6571564816000126,0.02499999999999991,0.0,0.0,1,1,0,0,1,0,77,20.0,30,0.045873015873012735,-1.1818181818181819,-1.0,-0.98,1,0,0,1,0,1,-1,-1,-1,-1,-1,2,0,0,-1.0,-1.0,-1.0,-1.0,-1.0,-1.0,-1.0,-1.0,-1.0,-1.0,-1.0,-1.0,-1.0,0,-2,0,1,0
0.8433333333333333,1,-1.0,-0.6078688621520996,0.66688232421875,0.4926145683097283,0.02499999999999991,0.0,0.0,1,1,0,0,1,0,77,20.0,30,0.011587301587298482,-1.1818181818181819,-1.0,-0.98,1,0,0,1,0,1,-1,-1,-1,-1,-1,0,0,1,-0.7142857142857143,-1.0,-1.0,-1.0,-1.0,-1.0,-1.0,-1.0,-1.0,-1.0,-1.0,-1.0,-1.0,0,-2,0,1,0
0.8400000000000001,1,-1.0,-0.6076207160949707,0.667081069946289,0.32297980035581464,0.02499999999999991,0.0,0.0,1,1,0,0,1,0,76,20.0,30,-0.032857142857145805,-1.1818181818181819,-1.0,-0.98,1,0,0,1,0,1,-1,-1,-1,-1,-1,0,0,0,-1.0,-1.0,-1.0,-1.0,-1.0,-1.0,-1.0,-1.0,-1.0,-1.0,-1.0,-1.0,-1.0,0,-2,0,1,0
0.8366666666666667,1,-1.0,-0.6073685646057129,0.6671821117401122,0.15236502357886406,0.02499999999999991,0.0,0.0,1,1,0,0,1,0,76,20.0,30,-0.06841269841270148,-1.1818181818181819,-1.0,-1.0,1,0,0,1,0,1,-1,-1,-1,-1,-1,0,0,0,-0.7142857142857143,-1.0,-1.0,-0.9375,-1.0,-1.0,-1.0,-1.0,-1.0,-1.0,-1.0,-1.0,-1.0,0,-2,0,1,0
0.8333333333333333,1,-1.0,-0.6071957588195801,0.6673455238342285,-0.018569021853102052,0.02499999999999991,0.0,0.0,1,1,0,0,1,0,75,20.0,30,-0.09063492063492362,-1.1818181818181819,-1.0,-1.0,0,0,0,1,0,0,-1,-1,-1,-1,-1,0,0,0,-0.7142857142857143,-1.0,-1.0,-1.0,-0.6666666666666667,-1.0,-1.0,-1.0,-1.0,-0.6666666666666667,-1.0,-1.0,-1.0,0,-2,0,1,0
0.8300000000000001,1,-1.0,-0.5641239643096924,0.6559142589569091,-0.08796921271495461,0.02499999999999991,0.0,0.0,1,1,0,0,1,0,75,20.0,30,-0.10174603174603503,-1.1818181818181819,-1.0,-1.0,0,0,0,1,0,0,-1,-1,-1,-1,-1,0,0,0,-0.7142857142857143,-1.0,-1.0,-1.0,-1.0,-1.0,-1.0,-1.0,-1.0,-1.0,-1.0,-1.0,-1.0,0,-2,0,1,0
0.8266666666666667,1,-1.0,-0.48657832145690916,0.6338495254516601,-0.08884596235866415,0.02499999999999991,0.0,0.0,1,1,0,0,1,0,74,20.0,30,-0.10174603174603503,-1.1818181818181819,-1.0,-1.0,0,0,0,0,0,0,-1,-1,-1,-1,-1,0,2,0,-1.0,-1.0,-1.0,-1.0,-1.0,-1.0,-1.0,-0.6666666666666667,-1.0,-1.0,-1.0,-1.0,-1.0,0,-2,0,1,0
0.8233333333333333,1,-1.0,-0.40367026329040523,0.6101629734039307,-0.08997295305809017,0.02499999999999991,0.0,0.0,1,1,0,0,1,0,74,20.0,30,-0.10174603174603503,-1.1818181818181819,-1.0,-1.0,0,0,0,0,0,0,-1,-1,-1,-1,-1,0,1,0,-1.0,-1.0,-1.0,-1.0,-1.0,-1.0,-1.0,-1.0,-1.0,-1.0,-1.0,-1.0,-1.0,0,-2,0,1,0
0.8200000000000001,1,-1.0,-0.3236019134521484,0.5867828369140624,-0.09179012488677207,0.02499999999999991,0.0,0.0,1,1,0,0,1,0,73,20.0,30,-0.10174603174603503,-1.1818181818181819,-1.0,-1.0,0,0,0,0,0,0,-1,-1,-1,-1,-1,0,1,0,-1.0,-1.0,-1.0,-1.0,-1.0,-1.0,-1.0,-1.0,-1.0,-1.0,-1.0,-1.0,-1.0,0,-2,0,1,0
0.8166666666666667,1,-1.0,-0.2555937528610229,0.5660809040069581,-0.09594326884346749,0.02499999999999991,0.0,0.0,1,1,0,0,1,0,73,20.0,30,-0.10174603174603503,-1.1727272727272728,-1.0,-1.0,0,0,0,0,0,0,-1,-1,-1,-1,-1,2,0,0,-1.0,-1.0,-1.0,-1.0,-1.0,-1.0,-1.0,-1.0,-1.0,-1.0,-1.0,-1.0,-1.0,0,-2,0,1,0
0.8133333333333332,1,-1.0,-0.20586647987365725,0.5505227088928222,-0.09766747420844646,0.02499999999999991,0.0,0.0,1,0,0,0,1,0,72,20.0,20,-0.11285714285714643,-1.1727272727272728,-1.0,-1.0,0,0,0,0,0,0,-1,-1,-1,-1,-1,0,1,0,-1.0,-1.0,-1.0,-1.0,-1.0,-1.0,-1.0,-1.0,-1.0,-1.0,-1.0,-1.0,-1.0,0,-2,0,1,0
0.81,1,-1.0,-0.16966748237609863,0.5388027667999267,-0.10259740040124932,0.02499999999999991,0.0,0.0,1,0,0,1,1,0,72,20.0,20,-0.12396825396825795,-1.1727272727272728,-1.0,-1.0,0,0,0,0,0,0,-1,-1,-1,-1,-1,0,0,0,-1.0,-1.0,-1.0,-1.0,-1.0,-1.0,-1.0,-1.0,-1.0,-1.0,-1.0,-1.0,-1.0,0,-2,0,1,0
0.8066666666666666,1,-1.0,-0.26676661968231197,0.5714105129241944,-0.1036008215949411,0.02499999999999991,0.0,0.0,1,0,0,1,1,0,71,20.0,20,-0.13507936507936935,-1.1727272727272728,-1.0,-1.0,0,0,0,0,0,0,-1,-1,-1,-1,-1,1,0,1,-1.0,-1.0,-1.0,-1.0,-1.0,-1.0,-1.0,-1.0,-1.0,-1.0,-1.0,-1.0,-1.0,0,-2,0,1,0
0.8033333333333332,1,-1.0,-0.26676661968231197,0.5714105129241944,-0.1036008215949411,0.02499999999999991,0.0,0.0,1,0,0,1,1,0,71,20.0,20,-0.04634920634921069,-1.1727272727272728,-1.0,-1.0,0,0,0,0,0,0,-1,-1,-1,-1,-1,0,0,0,-1.0,-1.0,-1.0,-1.0,-1.0,-1.0,-1.0,-1.0,-1.0,-1.0,-1.0,-1.0,-1.0,0,-2,0,1,0
0.8,1,-1.0,-0.27422299385070803,0.5739870071411133,-0.22707595688205617,0.02499999999999991,0.0,0.0,1,0,0,1,1,0,70,20.0,20,0.02920634920634435,-1.1818181818181819,-1.0,-0.98,0,0,0,0,0,0,-1,-1,-1,-1,-1,0,0,0,-0.7142857142857143,-0.7142857142857143,-1.0,-1.0,-1.0,-1.0,-1.0,-1.0,-1.0,-1.0,-1.0,-1.0,-1.0,0,-2,0,1,0
0.7966666666666666,1,-1.0,-0.2633388757705688,0.5585667133331298,-0.3116527853909947,0.02499999999999991,0.0,0.0,1,0,0,1,1,0,70,20.0,20,0.0642857142857094,-1.1818181818181819,-1.0,-0.98,0,0,0,0,0,0,-1,-1,-1,-1,-1,0,0,0,-1.0,-1.0,-1.0,-1.0,-1.0,-1.0,-1.0,-1.0,-1.0,-1.0,-1.0,-1.0,-1.0,0,-2,0,1,0
0.7933333333333332,1,-1.0,-0.22681100368499751,0.501610279083252,-0.31981909237189576,0.02499999999999991,0.0,0.0,1,0,0,1,1,0,69,20.0,20,0.05317460317459788,-1.1818181818181819,-1.0,-0.98,0,0,0,0,0,0,-1,-1,-1,-1,-1,1,0,0,-1.0,-1.0,-1.0,-1.0,-1.0,-1.0,-1.0,-1.0,-1.0,-1.0,-1.0,-1.0,-1.0,0,-2,0,1,0
0.79,1,-1.0,-0.20049214363098145,0.459549331665039,-0.32295585674822413,0.02499999999999991,0.0,0.0,0,0,0,1,1,0,69,20.0,10,0.042063492063486585,-1.1818181818181819,-1.0,-0.98,0,0,0,0,0,0,-1,-1,-1,-1,-1,2,0,0,-1.0,-1.0,-1.0,-1.0,-1.0,-1.0,-1.0,-1.0,-1.0,-1.0,-1.0,-1.0,-1.0,0,-2,0,1,0
0.7866666666666666,1,-1.0,-0.18152964115142822,0.4286649227142334,-0.32671932892639655,0.02499999999999991,0.0,0.0,0,0,0,1,1,0,68,20.0,10,0.034920634920629245,-1.1818181818181819,-1.0,-0.98,0,0,0,0,0,0,-1,-1,-1,-1,-1,0,1,0,-1.0,-1.0,-1.0,-1.0,-1.0,-1.0,-1.0,-1.0,-1.0,-1.0,-1.0,-1.0,-1.0,0,-2,0,1,0
0.7833333333333334,1,-1.0,-0.20423750877380376,0.4661766529083251,-0.32678338092261316,0.02499999999999991,0.0,0.0,0,0,0,1,1,0,68,20.0,10,0.037936507936502384,-1.1818181818181819,-0.98,-0.98,0,0,0,0,0,0,-1,-1,-1,-1,-1,0,1,0,-1.0,-1.0,-1.0,-1.0,-1.0,-1.0,-1.0,-1.0,-1.0,-1.0,-1.0,-1.0,-1.0,0,-2,0,1,0
0.78,1,-1.0,-0.2405131340026856,0.5261007785797118,-0.3265383668588866,0.02499999999999991,0.0,0.0,0,0,0,1,1,0,67,20.0,10,0.026825396825390868,-1.1818181818181819,-0.98,-0.98,0,0,0,0,0,0,-1,-1,-1,-1,-1,2,0,0,-1.0,-1.0,-1.0,-1.0,-1.0,-1.0,-1.0,-1.0,-1.0,-1.0,-1.0,-1.0,-1.0,0,-2,0,1,0
0.7766666666666666,1,-1.0,-0.1960025548934936,0.49696364402770987,-0.16261187258556808,0.02499999999999991,0.0,0.0,0,0,0,1,1,0,67,20.0,10,0.015714285714279352,-1.1818181818181819,-0.98,-0.98,0,0,0,0,0,0,-1,-1,-1,-1,-1,0,1,0,-0.7142857142857143,-1.0,-1.0,-1.0,-1.0,-1.0,-1.0,-1.0,-1.0,-1.0,-1.0,-1.0,-1.0,0,-2,0,1,0
0.7733333333333334,1,-1.0,-0.18759682178497317,0.4924093246459962,-0.1497676733922375,0.02499999999999991,0.0,0.0,0,0,0,1,1,0,66,20.0,10,0.004603174603167837,-1.1818181818181819,-1.0,-1.0,0,0,0,0,0,0,-1,-1,-1,-1,-1,0,0,0,-0.7142857142857143,-1.0,-0.9375,-0.9375,-1.0,-1.0,-1.0,-1.0,-1.0,-1.0,-1.0,-1.0,-1.0,0,-2,0,1,0
0.77,1,-1.0,-0.18759682178497317,0.4924093246459962,-0.1497676733922375,0.02499999999999991,0.0,0.0,0,0,0,1,1,0,66,20.0,10,0.004603174603167837,-1.1818181818181819,-1.0,-1.0,0,0,0,0,0,0,-1,-1,-1,-1,-1,0,2,0,-1.0,-1.0,-1.0,-1.0,-1.0,-1.0,-1.0,-1.0,-1.0,-1.0,-1.0,-1.0,-1.0,0,-2,0,1,0
0.7666666666666666,1,-1.0,-0.18763873577117918,0.4923952102661133,-0.025549067270779657,0.02499999999999991,0.0,0.0,0,0,0,1,1,0,65,20.0,10,0.004603174603167837,-1.1818181818181819,-1.0,-1.0,0,0,1,0,0,0,-1,-1,-1,-1,-1,0,0,0,-1.0,-1.0,-1.0,-1.0,-1.0,-1.0,-1.0,-1.0,-1.0,-1.0,-1.0,-1.0,-1.0,0,-2,0,1,0
0.7633333333333334,1,-1.0,-0.18769135475158694,0.49231610298156747,0.1322721533196236,0.02499999999999991,0.0,0.0,0,0,0,1,1,0,65,20.0,10,-0.006507936507943457,-1.1818181818181819,-1.0,-1.0,0,0,1,0,0,0,-1,-1,-1,-1,-1,0,0,0,-1.0,-1.0,-1.0,-1.0,-1.0,-1.0,-1.0,-1.0,-1.0,-1.0,-1.0,-1.0,-1.0,0,-2,0,1,0
0.76,1,-1.0,-0.125238299369812,0.5259169101715089,0.16040674601202953,0.02499999999999991,0.0,0.0,0,0,0,1,1,0,64,20.0,10,-0.01761904761905486,-1.1818181818181819,-1.0,-1.0,0,0,1,0,0,0,-1,-1,-1,-1,-1,0,0,0,-1.0,-1.0,-1.0,-1.0,-1.0,-1.0,-1.0,-1.0,-1.0,-1.0,-1.0,-1.0,-1.0,0,-2,0,1,0
0.7566666666666666,1,-1.0,-0.0521598756313324,0.5662319183349609,0.1606477568259923,0.02499999999999991,0.0,0.0,0,0,0,1,1,0,64,20.0,10,-0.028730158730166266,-1.1818181818181819,-1.0,-1.0,0,0,1,0,0,0,-1,-1,-1,-1,-1,0,0,0,-1.0,-1.0,-1.0,-1.0,-1.0,-1.0,-1.0,-1.0,-1.0,-1.0,-1.0,-1.0,-1.0,0,-2,0,1,0
0.7533333333333334,1,-1.0,0.019030037522316023,0.6063101291656494,0.16349387768038892,0.02499999999999991,0.0,0.0,0,0,0,1,1,0,63,20.0,10,-0.03984126984127767,-1.1818181818181819,-1.0,-1.0,0,0,1,0,0,0,-1,-1,-1,-1,-1,0,0,1,-1.0,-1.0,-1.0,-1.0,-1.0,-1.0,-1.0,-1.0,-1.0,-1.0,-1.0,-1.0,-1.0,0,-2,0,1,0
0.75,1,-1.0,0.07439134120941171,0.6379951953887939,0.16781124025475402,0.02499999999999991,0.0,0.0,0,0,0,1,1,0,63,20.0,10,0.046031746031737875,-1.1727272727272728,-1.0,-1.0,0,0,0,0,0,0,-1,-1,-1,-1,-1,0,0,0,-0.7142857142857143,-1.0,-1.0,-1.0,-1.0,-1.0,-0.6666666666666667,-1.0,-1.0,-1.0,-1.0,-1.0,-1.0,0,-2,0,1,0
0.7466666666666666,1,-1.0,0.11475340127944955,0.6616380691528321,0.16995739952845823,0.0,0.0,0.0,0,0,0,1,1,0,62,20.0,0,0.1176190476190393,-1.1727272727272728,-1.0,-1.0,0,0,0,0,0,0,-1,-1,-1,-1,-1,2,0,0,-1.0,-1.0,-1.0,-1.0,-1.0,-1.0,-1.0,-1.0,-1.0,-1.0,-1.0,-1.0,-1.0,0,-2,0,1,0
0.7433333333333334,1,-1.0,0.14419236183166495,0.6792229175567628,0.17252991438835275,0.0,0.0,0.0,0,0,0,1,1,0,62,20.0,0,0.16238095238094363,-1.1727272727272728,-1.0,-1.0,0,0,0,0,0,0,-1,-1,-1,-1,-1,0,0,0,-1.0,-1.0,-1.0,-1.0,-1.0,-1.0,-1.0,-1.0,-1.0,-1.0,-1.0,-1.0,-1.0,0,-2,0,1,0
0.74,1,-1.0,0.051078015565872104,0.623332643508911,0.17204214401787543,0.0,0.0,0.0,0,1,0,1,1,0,61,20.0,0,0.15126984126983256,-1.1818181818181819,-1.0,-1.0,0,0,0,0,0,0,-1,-1,-1,-1,-1,0,0,0,-0.7142857142857143,-0.7142857142857143,-1.0,-1.0,-1.0,-1.0,-1.0,-1.0,-1.0,-1.0,-1.0,-1.0,-1.0,0,-2,0,1,0
0.7366666666666666,1,-1.0,0.051078015565872104,0.623332643508911,0.17204214401787543,0.0,0.0,0.0,0,1,0,1,1,0,61,20.0,0,0.15126984126983256,-1.1818181818181819,-1.0,-1.0,0,0,0,0,0,0,-1,-1,-1,-1,-1,0,2,0,-1.0,-1.0,-1.0,-1.0,-1.0,-1.0,-1.0,-1.0,-1.0,-1.0,-1.0,-1.0,-1.0,0,-2,0,1,0
0.7333333333333334,1,-1.0,0.04439454376697549,0.6192945480346679,0.02995849510333226,0.0,0.0,0.0,0,1,0,1,1,0,60,20.0,0,0.15126984126983256,-1.1818181818181819,-1.0,-0.98,0,0,0,0,0,0,-1,-1,-1,-1,-1,0,1,0,-1.0,-1.0,-1.0,-1.0,-1.0,-1.0,-1.0,-1.0,-1.0,-1.0,-1.0,-1.0,-1.0,0,-2,0,1,0
0.73,1,-1.0,0.044481593370437666,0.6192328453063964,-0.14304988826594067,0.0,0.0,0.0,1,1,0,1,1,0,60,20.0,0,0.14015873015872105,-1.1818181818181819,-1.0,-0.98,0,0,0,0,0,0,-1,-1,-1,-1,-1,2,0,0,-1.0,-1.0,-1.0,-1.0,-1.0,-1.0,-1.0,-1.0,-1.0,-1.0,-1.0,-1.0,-1.0,0,-2,0,1,0
0.7266666666666666,1,-1.0,0.044490253925323575,0.6192343235015869,-0.31196164275071314,0.0,0.0,0.0,1,1,0,1,1,0,59,20.0,0,0.1290476190476093,-1.1818181818181819,-1.0,-0.98,0,0,0,0,0,0,-1,-1,-1,-1,-1,0,0,0,-1.0,-1.0,-1.0,-1.0,-1.0,-1.0,-1.0,-1.0,-1.0,-1.0,-1.0,-1.0,-1.0,0,-2,0,1,0
0.7233333333333334,1,-1.0,0.04454188048839569,0.6192306995391845,-0.46968581299347223,0.0,0.0,0.0,1,1,0,1,1,0,59,20.0,0,0.12460317460316483,-1.1818181818181819,-1.0,-1.0,0,0,0,0,0,0,-1,-1,-1,-1,-1,0,1,0,-0.7142857142857143,-1.0,-1.0,-0.9375,-1.0,-1.0,-1.0,-1.0,-1.0,-1.0,-1.0,-1.0,-1.0,0,-2,0,1,0
0.72,1,-1.0,0.04459431767463684,0.5622326374053954,-0.5041537555120155,0.0,0.0,0.0,1,1,0,1,1,0,58,23.078549514951106,0,0.12460317460316483,-1.1818181818181819,-1.0,-1.0,0,0,0,0,0,0,-1,-1,-1,-1,-1,0,0,0,-1.0,-1.0,-1.0,-1.0,-1.0,-1.0,-1.0,-1.0,-1.0,-1.0,-1.0,-1.0,-1.0,0,-2,0,1,0
0.7166666666666666,1,-1.0,0.04350866377353668,0.47882037162780766,-0.5039451311783669,0.0,0.0,0.0,1,1,0,1,1,0,58,28.10469875794559,0,0.12460317460316483,-1.1818181818181819,-1.0,-1.0,0,0,1,0,0,0,-1,-1,-1,-1,-1,0,1,0,-1.0,-1.0,-1.0,-1.0,-1.0,-1.0,-1.0,-1.0,-1.0,-1.0,-1.0,-1.0,-1.0,0,-2,0,1,0
0.7133333333333334,1,-1.0,0.04240920841693874,0.3954128742218017,-0.5052264746666614,0.0,0.0,0.0,1,1,0,1,1,0,57,27.869852771954953,0,0.11460317460316438,-1.1818181818181819,-1.0,-1.0,0,0,1,0,0,0,-1,-1,-1,-1,-1,1,0,0,-1.0,-1.0,-1.0,-1.0,-1.0,-1.0,-1.0,-1.0,-1.0,-1.0,-1.0,-1.0,-1.0,0,-2,0,1,0
0.71,1,-1.0,0.04102834463119498,0.31200251579284677,-0.5050974979278342,0.0,0.0,0.0,1,1,0,1,1,0,57,24.808836781806676,0,0.1490476190476091,-1.1818181818181819,-1.0,-1.0,0,0,1,0,0,0,-1,-1,-1,-1,-1,0,0,1,-1.0,-1.0,-1.0,-1.0,-1.0,-1.0,-1.0,-1.0,-1.0,-1.0,-1.0,-1.0,-1.0,0,-2,0,1,0
0.7066666666666668,1,-1.0,0.039226672053337186,0.22856261730194083,-0.5074575939045415,0.0,0.0,0.0,1,1,0,1,1,0,56,21.475503448473347,0,0.23777777777776743,-1.1818181818181819,-1.0,-1.0,0,0,1,0,0,0,-1,-1,-1,-1,-1,1,0,0,-1.0,-1.0,-1.0,-1.0,-1.0,-1.0,-1.0,-1.0,-1.0,-1.0,-1.0,-1.0,-1.0,0,-2,0,1,0
0.7033333333333334,1,-1.0,0.037222078442573636,0.14514977931976314,-0.508052161871791,0.0,0.0,0.0,1,1,0,1,1,0,56,20.0,0,0.3122222222222113,-1.1818181818181819,-1.0,-1.0,0,0,1,0,0,0,-1,-1,-1,-1,-1,0,1,0,-1.0,-1.0,-1.0,-1.0,-1.0,-1.0,-1.0,-1.0,-1.0,-1.0,-1.0,-1.0,-1.0,0,-2,0,1,0
0.7,0,-1.0,0.034920454025268555,0.061741274595260576,-0.5097435443832585,0.0,0.0,0.0,1,1,0,1,1,1,55,20.0,0,0.3723809523809407,-1.1818181818181819,-1.0,-1.0,0,0,1,0,0,0,-1,-1,-1,-1,-1,2,0,0,-1.0,-1.0,-1.0,-1.0,-1.0,-1.0,-1.0,-1.0,-1.0,-1.0,-1.0,-1.0,-1.0,0,-2,0,1,0
0.6966666666666668,0,-1.0,0.03227116763591775,-0.021634206175804138,-0.5120699447600603,0.0,0.0,0.0,1,1,0,1,1,1,55,20.0,0,0.4182539682539561,-1.1818181818181819,-1.0,-1.0,0,0,1,0,0,0,-1,-1,-1,-1,-1,0,1,0,-1.0,-1.0,-1.0,-1.0,-1.0,-1.0,-1.0,-1.0,-1.0,-1.0,-1.0,-1.0,-1.0,0,-2,0,1,0
0.6933333333333334,0,-1.0,0.03207972347736354,-0.027179202437400796,-0.5120020982143048,0.0,0.0,0.0,1,1,0,1,1,1,54,20.0,0,0.44984126984125794,-1.1818181818181819,-1.0,-1.0,0,0,1,0,0,0,-1,-1,-1,-1,-1,0,1,0,-1.0,-1.0,-1.0,-1.0,-1.0,-1.0,-1.0,-1.0,-1.0,-1.0,-1.0,-1.0,-1.0,0,-2,0,1,0
0.69,0,0.7142857142857142,0.03207972347736354,-0.027179202437400796,-0.5120020982143048,0.0,0.0,0.0,1,1,1,1,1,1,54,20.0,0,0.46714285714284554,-1.1818181818181819,-1.0,-1.0,0,0,1,0,0,0,-1,-1,-1,-1,-1,1,0,0,-1.0,-1.0,-1.0,-1.0,-1.0,-1.0,-1.0,-1.0,-1.0,-1.0,-1.0,-1.0,-1.0,0,-2,0,1,0
0.6866666666666668,0,-1.0,0.03207972347736354,-0.027179202437400796,-0.5120020982143048,0.0,0.0,0.0,1,1,1,1,1,1,53,20.0,0,0.47015873015871823,-1.1818181818181819,-1.0,-1.0,0,0,1,0,0,0,-1,-1,-1,-1,-1,0,0,0,-1.0,-1.0,-1.0,-1.0,-1.0,-1.0,-1.0,-1.0,-1.0,-1.0,-1.0,-1.0,-1.0,0,-2,0,1,0
0.6833333333333333,0,-1.0,0.03207972347736354,-0.027179202437400796,-0.5120020982143048,0.0,0.0,0.0,1,1,1,1,1,1,53,20.0,0,0.46460317460316247,-1.1818181818181819,-1.0,-1.0,1,0,1,0,0,0,-1,-1,-1,-1,-1,0,0,0,-1.0,-1.0,-1.0,-1.0,-1.0,-1.0,-1.0,-1.0,-1.0,-1.0,-1.0,-1.0,-1.0,0,-2,0,1,0
0.6799999999999999,0,-1.0,0.03207972347736354,-0.027179202437400796,-0.5120020982143048,0.0,0.0,0.0,1,1,1,1,1,1,52,20.0,0,0.45349206349205096,-1.1818181818181819,-1.0,-1.0,1,0,1,0,0,0,-1,-1,-1,-1,-1,0,0,0,-1.0,-1.0,-1.0,-1.0,-1.0,-1.0,-1.0,-1.0,-1.0,-1.0,-1.0,-1.0,-1.0,0,-2,0,1,0
0.6766666666666667,0,-1.0,0.03207972347736354,-0.027179202437400796,-0.5120020982143048,0.0,0.0,0.0,1,1,1,1,1,1,52,20.0,0,0.44238095238093966,-1.1818181818181819,-1.0,-1.0,1,0,1,0,0,0,-1,-1,-1,-1,-1,0,0,0,-1.0,-1.0,-1.0,-1.0,-1.0,-1.0,-1.0,-1.0,-1.0,-1.0,-0.6666666666666667,-1.0,-1.0,0,-2,0,1,0
0.6733333333333333,0,-1.0,0.03207972347736354,-0.027179202437400796,-0.5120020982143048,0.0,0.0,0.0,1,1,1,1,1,1,51,20.0,0,0.4312698412698279,-1.1818181818181819,-1.0,-1.0,1,0,1,0,0,0,-1,-1,-1,-1,-1,0,0,0,-0.7142857142857143,-1.0,-1.0,-1.0,-1.0,-1.0,-1.0,-1.0,-1.0,-1.0,-1.0,-1.0,-1.0,0,-2,0,1,0
0.6699999999999999,0,-1.0,0.03207972347736354,-0.027179202437400796,-0.5120020982143048,0.0,0.0,0.0,1,1,1,1,1,1,51,20.0,0,0.4268253968253837,-1.1818181818181819,-1.0,-1.0,0,0,0,0,0,0,-1,-1,-1,-1,-1,0,0,0,-0.7142857142857143,-1.0,-1.0,-1.0,-0.6666666666666667,-1.0,-0.6666666666666667,-1.0,-1.0,-1.0,-1.0,-1.0,-1.0,0,-2,0,1,0
0.6666666666666667,0,-1.0,0.03207972347736354,-0.027179202437400796,-0.5120020982143048,0.0,0.0,0.0,1,1,1,1,1,1,50,20.0,0,0.4268253968253837,-1.1727272727272728,-1.0,-1.0,0,0,0,0,0,0,-1,-1,-1,-1,-1,0,0,0,-1.0,-1.0,-1.0,-1.0,-1.0,-1.0,-1.0,-1.0,-1.0,-1.0,-1.0,-1.0,-1.0,0,-2,0,1,0
0.6633333333333333,0,-1.0,0.03207972347736354,-0.027179202437400796,-0.5120020982143048,0.0,0.0,0.0,1,1,1,1,1,1,50,20.0,0,0.4201587301587171,-1.1727272727272728,-1.0,-1.0,0,0,0,0,0,0,-1,-1,-1,-1,-1,1,0,0,-1.0,-1.0,-1.0,-1.0,-1.0,-1.0,-1.0,-1.0,-1.0,-1.0,-1.0,-1.0,-1.0,0,-2,0,1,0
0.6599999999999999,0,-1.0,0.03207972347736354,-0.027179202437400796,-0.5120020982143048,0.0,0.0,0.0,1,1,1,1,1,1,49,20.0,0,0.43460317460316067,-1.1727272727272728,-1.0,-1.0,0,0,0,0,0,0,-1,-1,-1,-1,-1,0,1,1,-1.0,-1.0,-1.0,-1.0,-1.0,-1.0,-1.0,-1.0,-1.0,-1.0,-1.0,-1.0,-1.0,0,-2,0,1,0
0.6566666666666667,0,-1.0,0.03207972347736354,-0.027179202437400796,-0.5120020982143048,0.0,0.0,0.0,1,1,1,1,1,1,49,20.0,0,0.5261904761904626,-1.1727272727272728,-1.0,-1.0,0,0,0,0,0,0,-1,-1,-1,-1,-1,0,0,0,-1.0,-1.0,-1.0,-1.0,-1.0,-1.0,-1.0,-1.0,-1.0,-1.0,-1.0,-1.0,-1.0,0,-2,0,1,0
0.6533333333333333,0,-1.0,0.03207972347736354,-0.027179202437400796,-0.5120020982143048,0.0,0.0,0.0,1,1,1,1,1,1,48,20.0,0,0.6068253968253834,-1.1818181818181819,-1.0,-1.0,0,0,0,0,0,0,-1,-1,-1,-1,-1,0,0,0,-0.7142857142857143,-0.7142857142857143,-1.0,-1.0,-1.0,-1.0,-1.0,-1.0,-1.0,-1.0,-1.0,-1.0,-1.0,0,-2,0,1,0
0.6499999999999999,0,-1.0,0.03205874562263489,-0.02719125747680662,-0.4598090558896708,0.0,0.0,0.0,1,1,1,1,1,1,48,20.0,0,0.6753968253968115,-1.1818181818181819,-1.0,-1.0,0,0,0,0,0,0,-1,-1,1,-1,-1,0,0,0,-1.0,-1.0,-1.0,-1.0,-1.0,-1.0,-1.0,-1.0,-1.0,-1.0,-1.0,-1.0,-1.0,0,-2,0,1,0
0.6466666666666667,0,-1.0,0.03207099437713623,-0.02718136012554173,-0.28440348007876104,0.0,0.0,0.0,1,1,1,1,1,1,47,20.0,0,0.6868253968253828,-1.1818181818181819,-1.0,-1.0,0,0,0,0,0,0,-1,-1,1,-1,-1,0,0,0,-1.0,-1.0,-1.0,-1.0,-1.0,-1.0,-1.0,-1.0,-1.0,-1.0,-1.0,-1.0,-1.0,0,-2,0,1,0
0.6433333333333333,0,-1.0,0.07296881079673767,-0.07708767056465149,-0.34296034246232976,0.0,0.0,0.0,1,1,1,1,1,1,47,20.0,0,0.6868253968253828,-1.1818181818181819,-1.0,-1.0,0,0,0,0,0,0,1,-1,-1,1,-1,0,0,0,-1.0,-1.0,-1.0,-1.0,-1.0,-1.0,-1.0,-1.0,-1.0,-1.0,-1.0,-1.0,-1.0,0,-2,0,1,0
0.6399999999999999,0,-1.0,0.07295066714286813,-0.07711201906204224,-0.521429884216664,0.0,0.0,0.0,1,1,1,1,1,1,46,20.0,0,0.6868253968253828,-1.1818181818181819,-1.0,-1.0,0,0,0,0,0,0,-1,-1,-1,1,-1,0,0,0,-1.0,-1.0,-1.0,-1.0,-1.0,-1.0,-1.0,-1.0,-1.0,-1.0,-1.0,-1.0,-1.0,0,-2,0,1,0
0.6366666666666667,0,-1.0,0.06945065855979915,-0.09100174903869629,-0.5784204893598104,0.0,0.0,0.0,1,1,1,1,1,1,46,20.0,0,0.6868253968253828,-1.1818181818181819,-1.0,-1.0,0,0,0,0,0,0,1,-1,-1,1,-1,0,0,0,-1.0,-1.0,-1.0,-1.0,-1.0,-1.0,-1.0,-1.0,-1.0,-1.0,-1.0,-1.0,-1.0,0,-2,0,1,0
0.6333333333333333,0,-1.0,0.06133608222007747,-0.1570776224136352,-0.4868997869766739,0.0,0.0,0.0,1,1,1,1,1,1,45,20.0,0,0.6868253968253828,-1.1818181818181819,-1.0,-1.0,0,0,0,0,0,0,1,-1,1,-1,-1,0,0,0,-1.0,-1.0,-1.0,-1.0,-1.0,-1.0,-1.0,-1.0,-1.0,-1.0,-1.0,-1.0,-1.0,0,-2,0,1,0
0.6299999999999999,0,-1.0,0.07437180876731864,-0.2830757379531861,-0.46794286255377127,0.0,0.0,0.0,1,1,1,1,1,1,45,20.0,0,0.6868253968253828,-1.1818181818181819,-1.0,-1.0,0,0,0,0,0,0,1,-1,-1,-1,-1,0,0,0,-1.0,-1.0,-1.0,-1.0,-1.0,-1.0,-1.0,-1.0,-1.0,-1.0,-1.0,-1.0,-1.0,0,-2,0,1,0
0.6266666666666667,0,-1.0,0.08872356414794913,-0.4257791996002197,-0.4682215342719078,0.0,0.0,0.0,1,1,1,1,1,1,44,20.0,0,0.6868253968253828,-1.1818181818181819,-1.0,-1.0,0,0,0,0,0,0,1,-1,-1,-1,-1,2,0,0,-1.0,-1.0,-1.0,-1.0,-1.0,-1.0,-1.0,-1.0,-1.0,-1.0,-1.0,-1.0,-1.0,0,-2,0,1,0
0.6233333333333333,0,-1.0,0.09473699927330026,-0.4852560520172119,-0.5440137908708251,0.0,0.0,0.0,1,1,1,1,1,1,44,20.0,0,0.6868253968253828,-1.1818181818181819,-1.0,-1.0,0,0,0,0,0,0,-1,-1,-1,1,-1,0,0,0,-1.0,-1.0,-1.0,-1.0,-1.0,-1.0,-1.0,-1.0,-1.0,-1.0,-1.0,-1.0,-1.0,0,-2,0,1,1
0.6200000000000001,0,-1.0,0.06899341344833365,-0.6092935085296631,-0.5656205251277296,0.0,0.0,0.0,1,1,1,1,1,1,43,20.0,0,0.6868253968253828,-1.1818181818181819,-1.0,-1.0,0,0,0,0,0,0,1,-1,-1,-1,-1,0,0,0,-1.0,-1.0,-1.0,-1.0,-1.0,-1.0,-1.0,-1.0,-1.0,-1.0,-1.0,-1.0,-1.0,0,-2,0,1,0
0.6166666666666667,0,-1.0,0.039579904079437345,-0.7496815204620362,-0.5663186463518957,0.0,0.0,0.0,1,1,1,1,1,1,43,31.607207853469284,0,0.6868253968253828,-1.1818181818181819,-1.0,-1.0,0,1,0,0,0,0,1,-1,-1,-1,1,0,0,0,-1.0,-1.0,-1.0,-1.0,-1.0,-1.0,-1.0,-1.0,-1.0,-1.0,-1.0,-1.0,-1.0,0,-2,0,1,0
0.6133333333333333,0,-1.0,0.06041509509086618,-0.651504135131836,-0.5668382719657521,0.0,0.0,0.0,1,1,1,1,1,1,42,29.842672144528933,0,0.6812698412698268,-1.1818181818181819,-1.0,-1.0,0,1,0,0,0,0,-1,1,-1,-1,-1,0,0,0,-1.0,-1.0,-1.0,-1.0,-1.0,-1.0,-1.0,-1.0,-1.0,-1.0,-1.0,-1.0,-1.0,0,-2,0,1,0
0.6100000000000001,0,-1.0,0.045940452814102084,-0.7192838191986084,-0.5671972742976271,0.0,0.02499999999999991,0.0,1,1,1,1,1,1,42,37.31402503968272,0,0.6701587301587155,-1.1818181818181819,-1.0,-1.0,0,1,0,0,0,0,1,-1,-1,-1,-1,0,0,0,-1.0,-1.0,-1.0,-1.0,-1.0,-1.0,-1.0,-1.0,-1.0,-1.0,-1.0,-1.0,-1.0,0,-2,0,1,0
0.6066666666666667,0,-1.0,0.04594329893589011,-0.7192821502685548,-0.5671743552184121,0.0,0.02499999999999991,0.0,1,1,1,1,1,1,41,44.78509567317721,0,0.659047619047604,-1.1818181818181819,-1.0,-1.0,0,1,0,0,0,0,-1,-1,-1,-1,-1,0,0,0,-1.0,-1.0,-1.0,-1.0,-1.0,-1.0,-1.0,-1.0,-1.0,-1.0,-1.0,-1.0,-1.0,0,-2,0,1,0
0.6033333333333333,0,-1.0,0.04594318866729741,-0.7192821502685548,-0.5671743552184121,0.0,0.02499999999999991,0.0,1,1,1,1,1,1,41,52.25616874019977,0,0.6479365079364927,-1.1818181818181819,-1.0,-1.0,0,1,0,0,0,0,-1,-1,-1,-1,-1,0,0,0,-1.0,-1.0,-1.0,-1.0,-1.0,-1.0,-1.0,-1.0,-1.0,-1.0,-1.0,-1.0,-1.0,0,-2,0,1,0
0.6000000000000001,0,-1.0,0.04594318866729741,-0.7192821502685548,-0.5671743552184121,0.0,0.02499999999999991,0.0,1,1,1,1,1,1,40,59.72724180722234,0,0.6368253968253814,-1.1818181818181819,-1.0,-1.0,0,1,0,0,0,0,-1,-1,-1,-1,-1,0,0,0,-1.0,-1.0,-1.0,-1.0,-1.0,-1.0,-1.0,-1.0,-1.0,-1.0,-1.0,-1.0,-1.0,0,-2,0,1,0
0.5966666666666667,0,-1.0,0.045943185687065125,-0.7192821502685548,-0.5671743552184121,0.0,0.02499999999999991,0.0,1,1,1,1,1,1,40,67.19831494001569,0,0.6257142857142699,-1.1818181818181819,-1.0,-1.0,0,1,0,0,0,0,-1,-1,-1,-1,-1,0,0,0,-1.0,-1.0,-1.0,-1.0,-1.0,-1.0,-1.0,-1.0,-1.0,-1.0,-1.0,-1.0,-1.0,0,-2,0,1,0
0.5933333333333333,0,-1.0,0.04594318866729741,-0.7192821502685548,-0.5671743552184121,0.0,0.02499999999999991,0.0,1,1,1,1,1,1,39,74.6693880070383,0,0.6146031746031584,-1.1818181818181819,-1.0,-1.0,0,1,0,0,0,0,-1,-1,-1,-1,-1,1,0,0,-1.0,-1.0,-1.0,-1.0,-1.0,-1.0,-1.0,-1.0,-1.0,-1.0,-1.0,-1.0,-1.0,0,-2,0,1,0
0.5900000000000001,0,-1.0,0.04594318866729741,-0.7192821502685548,-0.5671743552184121,0.0,0.02499999999999991,0.0,1,1,1,1,1,1,39,82.14046107406084,0,0.6034920634920471,-1.1818181818181819,-1.0,-1.0,0,1,0,0,0,0,-1,-1,-1,-1,-1,0,0,0,-1.0,-1.0,-1.0,-1.0,-1.0,-1.0,-1.0,-1.0,-1.0,-1.0,-1.0,-1.0,-1.0,0,-2,0,1,0
0.5866666666666667,0,-1.0,0.04594318270683284,-0.7192821502685548,-0.5671743552184121,0.0,0.02499999999999991,0.0,1,1,1,1,1,1,38,89.61153427262501,0,0.5923809523809356,-1.1818181818181819,-1.0,-1.0,0,1,0,0,0,0,-1,-1,-1,1,-1,0,0,0,-1.0,-1.0,-1.0,-1.0,-1.0,-1.0,-1.0,-1.0,-1.0,-1.0,-1.0,-1.0,-1.0,0,-2,0,1,0
0.5833333333333333,0,-1.0,0.0699949443340302,-0.6672585964202881,-0.5969348175244963,0.0,0.02499999999999991,0.0,1,1,1,1,1,1,38,89.6093023780521,0,0.5812698412698238,-1.1818181818181819,-1.0,-1.0,0,1,1,0,0,0,-1,1,1,-1,-1,0,0,0,-1.0,-1.0,-1.0,-1.0,-1.0,-1.0,-1.0,-1.0,-1.0,-1.0,-1.0,-1.0,-1.0,0,-2,0,1,0
0.5800000000000001,0,-1.0,0.07008571624755855,-0.6672455310821532,-0.514057833372497,0.0,0.02499999999999991,0.0,1,1,1,1,1,1,37,89.60219188691087,0,0.5590476190476013,-1.1818181818181819,-1.0,-1.0,0,1,1,0,0,0,-1,-1,1,1,-1,0,0,0,-1.0,-1.0,-1.0,-1.0,-1.0,-1.0,-1.0,-1.0,-1.0,-1.0,-1.0,-1.0,-1.0,0,-2,0,1,0
0.5766666666666667,0,-1.0,0.06991085410118103,-0.6672262668609619,-0.6910421884373077,0.0,0.02499999999999991,0.0,1,1,1,1,1,1,37,89.5987587620206,0,0.5368253968253789,-1.1818181818181819,-1.0,-1.0,0,1,1,0,0,0,1,-1,-1,1,-1,0,0,0,-1.0,-1.0,-1.0,-1.0,-1.0,-1.0,-1.0,-1.0,-1.0,-1.0,-1.0,-1.0,-1.0,0,-2,0,1,0
0.5733333333333333,0,-1.0,0.029337501525878995,-0.7263620376586915,-0.7625702061554044,0.0,0.02499999999999991,0.0,1,1,1,1,1,1,36,98.18576765535286,0,0.5146031746031556,-1.1818181818181819,-1.0,-1.0,0,1,1,0,0,0,1,-1,-1,1,-1,0,0,0,-1.0,-1.0,-1.0,-1.0,-1.0,-1.0,-1.0,-1.0,-1.0,-1.0,-1.0,-1.0,-1.0,0,-2,0,1,0
0.5700000000000001,0,-1.0,0.09165819287300114,-0.6909693241119385,-0.8361222365975484,0.0,0.02499999999999991,0.0,1,1,1,1,1,1,36,100.10405618802358,0,0.4923809523809328,-1.1818181818181819,-1.0,-1.0,0,1,1,0,0,0,-1,1,-1,1,-1,0,0,0,-1.0,-1.0,-1.0,-1.0,-1.0,-1.0,-1.0,-1.0,-1.0,-1.0,-1.0,-1.0,-1.0,0,-2,0,1,0
0.5666666666666667,0,-1.0,0.09150769114494328,-0.691089391708374,0.9958186619086442,0.0,0.02499999999999991,0.0,1,1,1,1,1,1,35,102.0456895926823,0,0.47015873015871,-1.1818181818181819,-1.0,-1.0,1,1,1,0,0,0,-1,-1,-1,1,-1,0,0,0,-1.0,-1.0,-1.0,-1.0,-1.0,-1.0,-1.0,-1.0,-1.0,-1.0,-1.0,-1.0,-1.0,0,-2,0,1,0
0.5633333333333332,0,-1.0,0.010086713731288999,-0.6716040134429933,0.9253461360902866,0.0,0.02499999999999991,0.0,1,1,1,1,1,1,35,103.1376964747144,0,0.4368253968253768,-1.1818181818181819,-1.0,-1.0,1,1,1,0,0,0,1,-1,-1,-1,-1,0,0,0,-1.0,-1.0,-1.0,-1.0,-1.0,-1.0,-1.0,-1.0,-1.0,-1.0,-1.0,-1.0,-1.0,0,-2,0,1,0
0.56,0,-1.0,-0.04809565246105196,-0.6576722145080567,0.8251763272156676,0.0,0.02499999999999991,0.0,1,1,1,1,1,1,34,100.05810147952033,0,0.40349206349204425,-1.1818181818181819,-1.0,-1.0,1,1,1,0,0,0,-1,-1,-1,1,-1,0,0,0,-1.0,-1.0,-1.0,-1.0,-1.0,-1.0,-1.0,-1.0,-1.0,-1.0,-1.0,-1.0,-1.0,0,-2,0,1,0
0.5566666666666666,0,-1.0,-0.048190534114837646,-0.6576375961303711,0.6492866617473332,0.0,0.02499999999999991,0.0,1,1,1,1,1,1,34,96.96865445732912,0,0.37015873015871126,-1.1818181818181819,-1.0,-1.0,1,1,1,0,0,0,-1,-1,-1,1,-1,0,0,0,-1.0,-1.0,-1.0,-1.0,-1.0,-1.0,-1.0,-1.0,-1.0,-1.0,-1.0,-1.0,-1.0,0,-2,0,1,0
0.5533333333333332,0,-1.0,-0.06749023199081416,-0.583613634109497,0.581598917890076,0.0,0.02499999999999991,0.0,1,1,1,1,1,1,33,93.6353211239958,0,0.3368253968253785,-1.1818181818181819,-1.0,-1.0,1,1,1,0,0,0,1,-1,-1,-1,-1,0,0,0,-1.0,-1.0,-1.0,-1.0,-1.0,-1.0,-1.0,-1.0,-1.0,-1.0,-1.0,-1.0,-1.0,0,-2,0,1,0
0.55,0,-1.0,-0.07542285323143005,-0.5535549163818361,0.4547624947304161,0.0,0.02499999999999991,0.0,1,1,1,1,1,1,33,90.30198779066248,0,0.3034920634920457,-1.1818181818181819,-1.0,-1.0,1,1,1,0,0,0,-1,-1,-1,1,-1,0,0,0,-1.0,-1.0,-1.0,-1.0,-1.0,-1.0,-1.0,-1.0,-1.0,-1.0,-1.0,-1.0,-1.0,0,-2,0,1,1
0.5466666666666666,0,-1.0,-0.068155312538147,-0.5441169261932373,0.2872599221079035,0.0,0.02499999999999991,0.0,1,1,1,1,1,1,32,86.96865445732914,0,0.2701587301587123,-1.1818181818181819,-1.0,-1.0,1,1,1,0,0,0,1,-1,-1,1,-1,0,0,0,-1.0,-1.0,-1.0,-1.0,-1.0,-1.0,-1.0,-1.0,-1.0,-1.0,-1.0,-1.0,-1.0,0,-2,0,1,1
0.5433333333333332,0,-1.0,-0.005002675205469154,-0.4632653713226318,0.28785325684655305,0.0,0.02499999999999991,0.0,1,1,1,1,1,1,32,83.6353211239958,0,0.23682539682537884,-1.1818181818181819,-1.0,-1.0,1,1,1,0,0,0,1,-1,-1,-1,-1,0,0,0,-1.0,-1.0,-1.0,-1.0,-1.0,-1.0,-1.0,-1.0,-1.0,-1.0,-1.0,-1.0,-1.0,0,-2,0,1,1
0.54,0,-1.0,-0.03482216894626622,-0.500793743133545,0.2901823703262749,0.0,0.02499999999999991,0.0,1,1,1,1,1,1,31,80.30198779066248,20,-0.1965079365079545,-1.1818181818181819,-1.0,-1.0,1,1,1,0,0,0,1,1,-1,-1,-1,0,0,0,-1.0,-1.0,-1.0,-1.0,-1.0,-1.0,-1.0,-1.0,-1.0,-1.0,-1.0,-1.0,-1.0,0,-2,0,1,1
0.5366666666666666,0,-1.0,-0.020338173210620925,-0.4850085258483887,0.1696155865059945,0.0,0.02499999999999991,0.0,1,1,1,1,1,1,31,76.96865445732917,40,-0.6298412698412879,-1.1818181818181819,-1.0,-1.0,1,1,1,0,0,0,1,-1,-1,1,-1,0,0,0,-1.0,-1.0,-1.0,-1.0,-1.0,-1.0,-1.0,-1.0,-1.0,-1.0,-1.0,-1.0,-1.0,0,-2,0,0,1
0.5333333333333334,1,-1.0,-0.020338173210620925,-0.4850085258483887,0.1696155865059945,0.0,0.02499999999999991,0.0,1,1,1,1,1,1,30,76.96865445732917,50,-0.8631746031746214,-1.1818181818181819,-1.0,-1.0,1,1,1,0,0,0,-1,-1,-1,1,-1,0,0,0,-1.0,-1.0,-1.0,-1.0,-1.0,-1.0,-1.0,-1.0,-1.0,-1.0,-1.0,-1.0,-1.0,0,-2,1,0,1
0.53,1,1.0,0.03718431293964386,-0.45053181648254403,-0.07670085674281912,0.0,0.02499999999999991,0.0,1,1,1,1,1,1,30,73.63532112399582,50,-0.8965079365079547,-1.1818181818181819,-1.0,-1.0,1,1,1,0,0,0,-1,-1,-1,1,-1,0,0,0,-1.0,-1.0,-1.0,-1.0,-1.0,-1.0,-1.0,-1.0,-1.0,-1.0,-1.0,-1.0,-1.0,0,-2,1,0,1
0.5266666666666666,1,-1.0,0.03717532455921169,-0.45051589012146,-0.26845375513818115,0.0,0.02499999999999991,0.0,1,1,1,1,1,1,29,70.3019877906625,50,-0.9298412698412879,-1.1818181818181819,-1.0,-1.0,1,1,1,0,0,0,-1,-1,-1,1,-1,0,0,0,-1.0,-1.0,-1.0,-1.0,-1.0,-1.0,-1.0,-1.0,-1.0,-1.0,-1.0,-1.0,-1.0,0,-2,1,0,1
0.5233333333333334,1,-1.0,0.037186202406883195,-0.4504451274871826,-0.45146719407435265,0.0,0.02499999999999991,0.0,1,1,1,1,1,1,29,66.96865445732917,50,-0.9631746031746213,-1.1818181818181819,-1.0,-1.0,1,1,1,0,0,0,-1,-1,-1,-1,-1,0,0,0,-1.0,-1.0,-1.0,-1.0,-1.0,-1.0,-1.0,-1.0,-1.0,-1.0,-0.6666666666666667,-1.0,-1.0,0,-2,1,0,1
0.52,1,-1.0,0.03718348741531363,-0.4502843379974365,-0.6351982202738248,0.0,0.02499999999999991,0.0,1,1,1,1,1,1,28,63.63532112399584,50,-0.9831746031746212,-1.1818181818181819,-1.0,-1.0,1,1,1,0,0,0,-1,-1,-1,-1,-1,0,2,0,-1.0,-1.0,-1.0,-1.0,-1.0,-1.0,-1.0,-1.0,-1.0,-1.0,-1.0,-1.0,-1.0,0,-2,1,0,1
0.5166666666666666,1,-1.0,0.03184708058834085,-0.45785732269287105,-0.6957745229492462,0.0,0.02499999999999991,0.0,1,1,1,1,1,1,28,60.30198779066252,50,-0.9831746031746212,-1.1818181818181819,-1.0,-1.0,1,1,1,0,0,0,-1,-1,-1,-1,-1,0,1,0,-1.0,-1.0,-1.0,-1.0,-1.0,-1.0,-1.0,-1.0,-1.0,-1.0,-1.0,-1.0,-1.0,0,-2,1,0,1
0.5133333333333334,1,-0.7142857142857143,0.02447681725025186,-0.46822490692138674,-0.698022869442033,0.0,0.02499999999999991,0.0,1,1,1,1,1,1,27,56.968654457329194,50,-0.9831746031746212,-1.1818181818181819,-1.0,-1.0,1,1,1,0,0,0,-1,-1,-1,-1,-1,1,0,0,-1.0,-1.0,-1.0,-1.0,-1.0,-1.0,-1.0,-1.0,-1.0,-1.0,-1.0,-1.0,-1.0,0,-2,1,0,1
0.51,1,-1.0,0.0189955353736877,-0.4757719516754151,-0.7002972465446564,0.0,0.02499999999999991,0.0,1,1,1,1,1,1,27,53.63532112399585,50,-0.9831746031746212,-1.1818181818181819,-1.0,-1.0,1,1,1,0,0,0,-1,-1,-1,-1,-1,0,3,0,-1.0,-1.0,-1.0,-1.0,-1.0,-1.0,-1.0,-1.0,-1.0,-1.0,-1.0,-1.0,-1.0,0,-2,1,0,1
0.5066666666666666,1,-1.0,0.014946259558200836,-0.4812558650970459,-0.702866763710415,0.0,0.02499999999999991,0.0,1,1,1,1,1,1,26,46.96865445732921,50,-0.9831746031746212,-1.1818181818181819,-1.0,-1.0,1,1,1,0,0,0,-1,-1,-1,-1,-1,0,0,0,-1.0,-1.0,-1.0,-1.0,-1.0,-1.0,-1.0,-1.0,-1.0,-1.0,-1.0,-1.0,-1.0,0,-2,1,0,1
0.5033333333333334,1,-1.0,0.014699339866638184,-0.48156790733337407,-0.703102936473716,0.0,0.02499999999999991,0.0,1,1,1,1,1,1,26,43.63532112399588,50,-0.9831746031746212,-1.1818181818181819,-1.0,-1.0,1,1,1,0,0,0,-1,-1,-1,-1,-1,0,1,0,-1.0,-1.0,-1.0,-1.0,-1.0,-1.0,-1.0,-1.0,-1.0,-1.0,-0.6666666666666667,-1.0,-1.0,0,-2,1,0,1
0.5,0,-1.0,0.014678418636322021,-0.48156790733337407,-0.703086240455745,0.0,0.02499999999999991,0.0,1,1,1,1,1,1,25,40.30198779066254,50,-0.9831746031746212,-1.1818181818181819,-1.0,-1.0,1,1,1,0,0,0,-1,-1,-1,-1,-1,1,0,0,-1.0,-1.0,-1.0,-1.0,-1.0,-1.0,-1.0,-1.0,-1.0,-1.0,-1.0,-1.0,-1.0,0,-2,1,0,1
0.4966666666666666,0,-1.0,0.01465749740600586,-0.48156790733337407,-0.7030695444377737,0.0,0.02499999999999991,0.0,1,1,1,1,1,1,25,36.96865445732921,50,-0.9831746031746212,-1.1818181818181819,-1.0,-1.0,1,1,1,0,0,0,-1,-1,-1,-1,-1,1,0,0,-0.7142857142857143,-1.0,-1.0,-1.0,-1.0,-1.0,-1.0,-1.0,-1.0,-1.0,-1.0,-1.0,-1.0,0,-2,1,0,1
0.4933333333333334,0,-1.0,0.014636576175689697,-0.48156790733337407,-0.7030530760927751,0.0,0.02499999999999991,0.0,1,1,1,1,1,1,24,33.635321123995865,50,-0.9831746031746212,-1.1818181818181819,-1.0,-1.0,0,1,1,0,0,0,-1,-1,-1,-1,-1,0,0,0,-0.7142857142857143,-1.0,-1.0,-1.0,-0.6666666666666667,-1.0,-1.0,-1.0,-1.0,-1.0,-1.0,-1.0,-1.0,0,-2,1,0,1
0.49,0,-1.0,0.014615654945373535,-0.48156790733337407,-0.7030364559657946,0.0,0.02499999999999991,0.0,1,1,1,1,1,1,24,30.301987790662537,50,-0.9865079365079547,-1.1818181818181819,-1.0,-1.0,0,0,1,0,0,0,-1,-1,-1,-1,-1,0,0,0,-0.7142857142857143,-1.0,-1.0,-1.0,-1.0,-0.6666666666666667,-1.0,-1.0,-1.0,-1.0,-1.0,-1.0,-1.0,0,-2,1,0,1
0.4866666666666666,0,-1.0,0.014594733715057373,-0.48156790733337407,-0.7030200635117865,0.0,0.02499999999999991,0.0,1,1,1,1,1,1,23,26.968654457329208,50,-0.9887301587301769,-1.1818181818181819,-1.0,-1.0,0,0,0,0,0,0,-1,-1,-1,-1,-1,0,0,1,-1.0,-1.0,-1.0,-1.0,-1.0,-1.0,-0.6666666666666667,-1.0,-1.0,-1.0,-1.0,-1.0,-1.0,0,-2,1,0,1
0.4833333333333334,0,-1.0,0.014573812484741211,-0.48156790733337407,-0.7030034433848062,0.0,0.02499999999999991,0.0,1,1,1,1,1,1,23,23.63532112399586,50,-0.8887301587301768,-1.1818181818181819,-1.0,-1.0,0,0,0,0,0,0,-1,-1,-1,-1,-1,1,0,0,-1.0,-1.0,-1.0,-1.0,-1.0,-1.0,-1.0,-1.0,-1.0,-1.0,-1.0,-1.0,-1.0,0,-2,1,0,1
0.48,0,-1.0,0.014552891254425049,-0.48156790733337407,-0.7029868232578258,0.0,0.02499999999999991,0.0,1,1,1,1,1,1,22,20.30198779066253,50,-0.8030158730158912,-1.1818181818181819,-1.0,-1.0,0,0,0,0,0,0,-1,-1,-1,-1,-1,1,1,0,-1.0,-1.0,-1.0,-1.0,-1.0,-1.0,-1.0,-1.0,-1.0,-1.0,-1.0,-1.0,-1.0,0,-2,1,0,1
0.47666666666666657,0,-1.0,0.014531970024108887,-0.48156790733337407,-0.702970354912827,0.0,0.02499999999999991,0.0,1,1,1,1,1,1,22,20.0,60,-0.9315873015873197,-1.1818181818181819,-1.0,-1.0,0,0,0,0,0,0,-1,-1,-1,-1,-1,1,0,0,-1.0,-1.0,-1.0,-1.0,-1.0,-1.0,-1.0,-1.0,-1.0,-1.0,-1.0,-1.0,-1.0,0,-2,1,0,1
0.4733333333333334,0,-1.0,0.014510002732276872,-0.48156790733337407,-0.7029527482029667,0.0,0.02499999999999991,0.0,1,1,1,1,1,1,21,20.0,60,-0.8744444444444626,-1.1818181818181819,-1.0,-1.0,0,0,0,0,0,0,-1,-1,-1,-1,-1,0,1,0,-1.0,-1.0,-1.0,-1.0,-1.0,-1.0,-1.0,-1.0,-1.0,-1.0,-1.0,-1.0,-1.0,0,-2,1,0,1
0.47,0,-1.0,0.01448908150196071,-0.48156790733337407,-0.7029362798579677,0.0,0.02499999999999991,0.0,1,1,1,1,1,1,21,20.0,60,-0.8315873015873197,-1.1818181818181819,-1.0,-1.0,0,0,0,0,0,0,-1,-1,-1,-1,-1,1,1,0,-1.0,-1.0,-1.0,-1.0,-1.0,-1.0,-1.0,-1.0,-1.0,-1.0,-1.0,-1.0,-1.0,0,-2,1,0,1
0.46666666666666656,0,-1.0,0.014468160271644548,-0.48156790733337407,-0.7029196597309874,0.0,0.02499999999999991,0.0,1,1,1,1,1,1,20,20.0,60,-0.8030158730158911,-1.1818181818181819,-1.0,-1.0,0,0,0,0,0,0,-1,-1,-1,-1,-1,0,0,0,-1.0,-1.0,-1.0,-1.0,-1.0,-1.0,-1.0,-1.0,-1.0,-1.0,-1.0,-1.0,-1.0,0,-2,1,0,1
0.4633333333333334,0,-1.0,0.014447239041328386,-0.48156790733337407,-0.7029028878220254,0.0,0.02499999999999991,0.0,1,1,1,1,1,1,20,20.0,70,-0.9887301587301768,-1.1818181818181819,-1.0,-1.0,0,0,0,0,0,0,-1,-1,-1,-1,-1,1,1,0,-1.0,-1.0,-1.0,-1.0,-1.0,-1.0,-1.0,-1.0,-1.0,-1.0,-1.0,-1.0,-1.0,0,-2,1,0,1
0.45999999999999996,0,-1.0,0.014426317811012224,-0.48156790733337407,-0.7028864194770266,0.0,0.02499999999999991,0.0,1,1,1,1,1,1,19,20.0,70,-0.9887301587301768,-1.1818181818181819,-1.0,-1.0,0,0,0,0,0,0,-1,-1,-1,-1,-1,0,0,0,-1.0,-1.0,-1.0,-1.0,-1.0,-1.0,-1.0,-1.0,-1.0,-1.0,-1.0,-1.0,-1.0,0,-2,1,0,1
0.4566666666666668,0,-1.0,0.014405396580696062,-0.48156790733337407,-0.7028698752410371,0.0,0.02499999999999991,0.0,1,1,1,1,1,1,19,20.0,70,-0.9087301587301768,-1.1818181818181819,-1.0,-1.0,0,0,0,0,0,0,-1,-1,-1,-1,-1,0,0,2,-1.0,-1.0,-1.0,-1.0,-1.0,-1.0,-1.0,-1.0,-1.0,-1.0,-1.0,-1.0,-1.0,0,-2,1,0,1
0.45333333333333337,0,-1.0,0.0143844753503799,-0.48156790733337407,-0.7028531792230659,0.0,0.02499999999999991,0.0,1,1,1,1,1,1,18,20.0,70,-0.8201587301587483,-1.1818181818181819,-1.0,-1.0,0,0,0,0,0,0,-1,-1,-1,-1,-1,0,0,0,-1.0,-1.0,-1.0,-1.0,-1.0,-1.0,-1.0,-1.0,-1.0,-1.0,-1.0,-1.0,-1.0,0,-2,1,0,1
0.44999999999999996,0,-1.0,0.014363554120063737,-0.48156790733337407,-0.7028364832050948,0.0,0.02499999999999991,0.15915494309189526,1,1,1,1,1,1,18,20.0,80,-0.9401587301587482,-1.1818181818181819,-1.0,-1.0,0,0,0,0,0,0,-1,-1,-1,-1,-1,0,0,1,-1.0,-1.0,-1.0,-1.0,-1.0,-1.0,-1.0,-1.0,-1.0,-1.0,-1.0,-1.0,-1.0,0,-2,1,0,1
0.44666666666666677,0,-1.0,0.014342632889747575,-0.48156790733337407,-0.7028198630781144,0.0,0.02499999999999991,0.15915494309189526,1,1,1,1,1,1,17,20.0,80,-0.8773015873016055,-1.1818181818181819,-1.0,-1.0,0,0,0,0,0,0,-1,-1,-1,-1,-1,0,0,0,-1.0,-1.0,-1.0,-1.0,-1.0,-1.0,-1.0,-1.0,-1.0,-1.0,-1.0,-1.0,-1.0,0,-2,1,0,1
0.44333333333333336,0,-1.0,0.014328324794769198,-0.4815680980682373,-0.7028086312114792,0.0,0.02499999999999991,0.15915494309189526,1,1,1,1,1,1,17,20.0,80,-0.8173015873016054,-1.1818181818181819,-1.0,-1.0,0,0,0,0,0,0,-1,-1,-1,-1,-1,0,0,1,-1.0,-1.0,-1.0,-1.0,-1.0,-1.0,-1.0,-1.0,-1.0,-1.0,-1.0,-1.0,-1.0,0,-2,1,0,1
0.43999999999999995,0,-1.0,0.014328324794769198,-0.4815680980682373,-0.7028086312114792,0.0,0.02499999999999991,0.15915494309189526,1,1,1,1,1,1,16,20.0,90,-0.9715873015873197,-1.1818181818181819,-1.0,-1.0,0,0,0,0,0,0,-1,-1,-1,-1,-1,0,0,0,-1.0,-1.0,-1.0,-1.0,-1.0,-1.0,-1.0,-1.0,-1.0,-1.0,-1.0,-1.0,-1.0,0,-2,1,0,1
0.43666666666666676,0,-1.0,0.014328324794769198,-0.4815680980682373,-0.7028086312114792,0.0,0.02499999999999991,0.15915494309189526,1,1,1,1,1,1,16,20.0,90,-0.9401587301587482,-1.1818181818181819,-1.0,-1.0,0,0,0,0,0,0,-1,-1,-1,-1,-1,1,1,0,-1.0,-1.0,-1.0,-1.0,-1.0,-1.0,-1.0,-1.0,-1.0,-1.0,-1.0,-1.0,-1.0,0,-2,1,0,1
0.43333333333333335,0,-1.0,0.014328324794769198,-0.4815680980682373,-0.7028086312114792,0.0,0.02499999999999991,0.15915494309189526,1,1,1,1,1,1,15,20.0,90,-0.923015873015891,-1.1818181818181819,-1.0,-1.0,0,0,0,0,1,0,-1,-1,-1,-1,-1,1,0,0,-1.0,-1.0,-1.0,-1.0,-1.0,-1.0,-1.0,-1.0,-1.0,-1.0,-1.0,-1.0,-1.0,0,-2,1,0,1
0.42999999999999994,0,-1.0,0.014328324794769198,-0.4815680980682373,-0.7028086312114792,0.0,0.02499999999999991,0.15915494309189526,1,1,1,1,1,1,15,20.0,90,-0.8657142857143038,-1.1818181818181819,-1.0,-1.0,0,0,0,0,1,0,-1,-1,-1,-1,-1,0,0,1,-1.0,-1.0,-1.0,-1.0,-1.0,-1.0,-1.0,-1.0,-1.0,-1.0,-1.0,-1.0,-1.0,0,-2,1,0,1
0.42666666666666675,0,-1.0,0.014328324794769198,-0.4815680980682373,-0.7028086312114792,0.0,0.02499999999999991,0.15915494309189526,1,1,1,1,1,1,14,20.0,90,-0.8226984126984307,-1.1818181818181819,-1.0,-1.0,0,0,0,0,1,0,-1,-1,-1,-1,-1,0,1,0,-1.0,-1.0,-1.0,-1.0,-1.0,-1.0,-1.0,-1.0,-1.0,-1.0,-1.0,-1.0,-1.0,0,-2,1,0,1
0.42333333333333334,0,-1.0,0.014328324794769198,-0.4815680980682373,-0.7028086312114792,0.0,0.02499999999999991,0.15915494309189526,1,1,1,1,1,1,14,20.0,100,-0.9853968253968434,-1.1818181818181819,-1.0,-1.0,0,0,0,0,1,0,-1,-1,-1,-1,-1,0,0,0,-1.0,-1.0,-1.0,-1.0,-1.0,-1.0,-1.0,-1.0,-1.0,-1.0,-1.0,-1.0,-1.0,0,-2,1,0,1
0.41999999999999993,0,-1.0,0.014328324794769198,-0.4815680980682373,-0.7028086312114792,0.0,0.02499999999999991,0.15915494309189526,1,1,1,1,1,1,13,20.0,100,-0.9612698412698593,-1.1818181818181819,-1.0,-1.0,0,0,0,0,0,0,-1,-1,-1,-1,-1,0,0,0,-0.7142857142857143,-1.0,-1.0,-1.0,-1.0,-1.0,-1.0,-1.0,-0.6666666666666667,-1.0,-1.0,-1.0,-1.0,0,-2,1,0,1
0.41666666666666674,0,-1.0,0.014328324794769198,-0.4815680980682373,-0.7028086312114792,0.0,0.02499999999999991,0.15915494309189526,1,1,1,1,1,1,13,20.0,100,-0.9355555555555736,-1.1727272727272728,-1.0,-1.0,0,0,0,0,0,0,-1,-1,-1,-1,-1,0,1,0,-1.0,-1.0,-1.0,-1.0,-1.0,-1.0,-1.0,-1.0,-1.0,-1.0,-1.0,-1.0,-1.0,0,-2,1,0,1
0.41333333333333333,0,-1.0,0.014328324794769198,-0.4815680980682373,-0.7028086312114792,0.0,0.02499999999999991,0.15915494309189526,1,1,1,1,1,1,12,20.0,100,-0.8782539682539863,-1.1727272727272728,-1.0,-1.0,0,0,0,0,0,0,-1,-1,-1,-1,-1,0,0,2,-1.0,-1.0,-1.0,-1.0,-1.0,-1.0,-1.0,-1.0,-1.0,-1.0,-1.0,-1.0,-1.0,0,-2,1,0,1
0.4099999999999999,0,-1.0,0.014328324794769198,-0.4815680980682373,-0.7028086312114792,0.0,0.02499999999999991,0.15915494309189526,1,1,1,1,1,1,12,20.0,100,-0.8066666666666846,-1.1727272727272728,-1.0,-1.0,0,0,0,0,0,0,-1,-1,-1,-1,-1,1,0,0,-1.0,-1.0,-1.0,-1.0,-1.0,-1.0,-1.0,-1.0,-1.0,-1.0,-1.0,-1.0,-1.0,0,-2,1,0,1
0.40666666666666673,0,-1.0,0.014328324794769198,-0.4815680980682373,-0.7028086312114792,0.0,0.02499999999999991,0.15915494309189526,1,1,1,1,1,1,11,20.0,100,-0.7676190476190655,-1.1727272727272728,-1.0,-1.0,0,0,0,0,0,0,-1,-1,-1,-1,-1,1,0,0,-1.0,-1.0,-1.0,-1.0,-1.0,-1.0,-1.0,-1.0,-1.0,-1.0,-1.0,-1.0,-1.0,0,-2,1,0,1
0.4033333333333333,0,-1.0,0.014328324794769198,-0.4815680980682373,-0.7028086312114792,0.0,0.02499999999999991,0.15915494309189526,1,1,1,1,1,1,11,20.0,100,-0.7017460317460497,-1.1727272727272728,-1.0,-1.0,0,0,0,0,0,0,-1,-1,-1,-1,-1,0,1,1,-1.0,-1.0,-1.0,-1.0,-1.0,-1.0,-1.0,-1.0,-1.0,-1.0,-1.0,-1.0,-1.0,0,-2,1,0,1
0.3999999999999999,0,-1.0,0.014328324794769198,-0.4815680980682373,-0.7028086312114792,0.0,0.02499999999999991,0.15915494309189526,1,1,1,1,1,1,10,20.0,100,-0.6501587301587484,-1.1727272727272728,-1.0,-1.0,0,0,0,0,0,0,-1,-1,-1,-1,-1,0,0,0,-1.0,-1.0,-1.0,-1.0,-1.0,-1.0,-1.0,-1.0,-1.0,-1.0,-1.0,-1.0,-1.0,0,-2,1,0,1
0.3966666666666667,0,-1.0,0.014328324794769198,-0.4815680980682373,-0.7028086312114792,0.0,0.02499999999999991,0.15915494309189526,1,1,1,1,1,1,10,20.0,100,-0.6117460317460501,-1.1818181818181819,-1.0,-1.0,0,0,0,0,0,0,-1,-1,-1,-1,-1,0,0,0,-0.7142857142857143,-0.7142857142857143,-1.0,-1.0,-1.0,-1.0,-1.0,-1.0,-1.0,-1.0,-1.0,-1.0,-1.0,0,-2,1,0,1
0.3933333333333333,0,-1.0,0.014328324794769198,-0.4815680980682373,-0.7028086312114792,0.0,0.02499999999999991,0.15915494309189526,1,1,1,1,1,1,9,20.0,100,-0.5831746031746216,-1.1818181818181819,-1.0,-1.0,0,0,0,0,0,0,-1,-1,-1,-1,-1,1,1,0,-1.0,-1.0,-1.0,-1.0,-1.0,-1.0,-1.0,-1.0,-1.0,-1.0,-1.0,-1.0,-1.0,0,-2,1,0,1
0.3899999999999999,0,-1.0,0.014328324794769198,-0.4815680980682373,-0.7028086312114792,0.0,0.02499999999999991,0.15915494309189526,1,1,1,1,1,1,9,20.0,100,-0.5688888888889072,-1.1818181818181819,-1.0,-1.0,0,0,0,0,0,0,-1,-1,-1,-1,-1,0,0,1,-1.0,-1.0,-1.0,-1.0,-1.0,-1.0,-1.0,-1.0,-1.0,-1.0,-1.0,-1.0,-1.0,0,-2,1,0,1
0.3866666666666667,0,-1.0,0.014328324794769198,-0.4815680980682373,-0.7028086312114792,0.0,0.02499999999999991,0.15915494309189526,1,1,1,1,1,1,8,20.0,100,-0.4831746031746216,-1.1818181818181819,-1.0,-1.0,0,0,0,0,0,0,-1,-1,-1,-1,-1,0,0,3,-1.0,-1.0,-1.0,-1.0,-1.0,-1.0,-1.0,-1.0,-1.0,-1.0,-1.0,-1.0,-1.0,0,-2,1,0,1
0.3833333333333333,0,-1.0,0.014328324794769198,-0.4815680980682373,-0.7028086312114792,0.0,0.02499999999999991,0.15915494309189526,1,1,1,1,1,1,8,20.0,100,-0.4117460317460503,-1.1818181818181819,-1.0,-1.0,0,0,0,0,0,0,-1,-1,-1,-1,-1,0,0,1,-1.0,-1.0,-1.0,-1.0,-1.0,-1.0,-1.0,-1.0,-1.0,-1.0,-1.0,-1.0,-1.0,0,-2,1,0,1
0.3799999999999999,0,-1.0,0.014328324794769198,-0.4815680980682373,-0.7028086312114792,0.0,0.02499999999999991,0.15915494309189526,1,1,1,1,1,1,7,20.0,100,-0.354603174603193,-1.1818181818181819,-1.0,-1.0,0,0,0,0,0,0,-1,-1,-1,-1,-1,0,0,3,-1.0,-1.0,-1.0,-1.0,-1.0,-1.0,-1.0,-1.0,-1.0,-1.0,-1.0,-1.0,-1.0,0,-2,1,0,1
0.3766666666666667,0,-1.0,0.014328324794769198,-0.4815680980682373,-0.7028086312114792,0.0,0.02499999999999991,0.15915494309189526,1,1,1,1,1,1,7,20.0,100,-0.28317460317462195,-1.1818181818181819,-1.0,-1.0,0,0,0,0,0,0,-1,-1,-1,-1,-1,0,0,1,-1.0,-1.0,-1.0,-1.0,-1.0,-1.0,-1.0,-1.0,-1.0,-1.0,-1.0,-1.0,-1.0,0,-2,1,0,1
0.3733333333333333,0,-1.0,0.014328324794769198,-0.4815680980682373,-0.7028086312114792,0.0,0.02499999999999991,0.15915494309189526,1,1,1,1,1,1,6,20.0,100,-0.22603174603176457,-1.1818181818181819,-1.0,-1.0,0,0,0,0,0,0,-1,-1,-1,-1,-1,0,0,0,-1.0,-1.0,-1.0,-1.0,-1.0,-1.0,-1.0,-1.0,-1.0,-1.0,-1.0,-1.0,-1.0,0,-2,1,0,1
0.3700000000000001,0,-1.0,0.014328324794769198,-0.4815680980682373,-0.7028086312114792,0.0,0.02499999999999991,0.15915494309189526,1,1,1,1,1,1,6,20.0,100,-0.18317460317462197,-1.1818181818181819,-1.0,-1.0,0,0,0,0,0,0,-1,-1,-1,-1,-1,0,0,0,-1.0,-1.0,-1.0,-1.0,-1.0,-1.0,-1.0,-1.0,-1.0,-1.0,-1.0,-1.0,-1.0,0,-2,1,1,1
0.3666666666666667,0,-1.0,0.014279183745384172,-0.4815357685089112,-0.5883118554793368,0.0,0.02499999999999991,0.15915494309189526,1,1,1,1,1,1,5,20.0,100,-0.15460317460319306,-1.1818181818181819,-1.0,-1.0,1,0,0,0,0,0,-1,-1,1,-1,-1,0,0,0,-1.0,-1.0,-1.0,-1.0,-1.0,-1.0,-1.0,-1.0,-1.0,-1.0,-1.0,-1.0,-1.0,0,-2,1,1,1
0.3633333333333333,0,-1.0,0.002928716130554676,-0.5052837371826172,-0.6413642494380445,0.0,0.02499999999999991,0.15915494309189526,1,1,1,1,1,1,5,20.0,100,-0.15492063492065367,-1.1818181818181819,-1.0,-1.0,1,0,0,0,0,0,1,-1,-1,1,-1,0,0,0,-1.0,-1.0,-1.0,-1.0,-1.0,-1.0,-1.0,-1.0,-1.0,-1.0,-1.0,-1.0,-1.0,0,-2,1,1,1
0.3600000000000001,0,-1.0,0.002928716130554676,-0.5052837371826172,-0.6413642494380445,0.0,0.02499999999999991,0.15915494309189526,1,1,1,1,1,1,4,20.0,100,-0.16603174603176496,-1.1818181818181819,-1.0,-1.0,1,0,0,0,0,0,1,-1,-1,-1,-1,0,0,0,-1.0,-1.0,-1.0,-1.0,-1.0,-1.0,-1.0,-1.0,-1.0,-1.0,-1.0,-1.0,-1.0,0,-2,1,1,1
0.3566666666666667,0,-1.0,-0.058094948530197144,-0.6349690914154053,-0.6390191419320161,0.0,0.02499999999999991,0.15915494309189526,1,1,1,1,1,1,4,20.0,100,-0.17714285714287636,-1.1818181818181819,-1.0,-1.0,1,0,0,0,0,0,1,-1,-1,1,-1,0,0,0,-1.0,-1.0,-1.0,-1.0,-1.0,-1.0,-1.0,-1.0,-1.0,-1.0,-1.0,-1.0,-1.0,0,-2,1,1,0
0.3533333333333333,0,-1.0,-0.11075938940048213,-0.7475309848785401,-0.6625993834586051,0.0,0.02499999999999991,0.15915494309189526,1,1,1,1,1,1,3,20.0,100,-0.18825396825398788,-1.1818181818181819,-1.0,-1.0,1,0,0,0,0,0,-1,-1,-1,1,-1,0,0,0,-1.0,-1.0,-1.0,-1.0,-1.0,-1.0,-1.0,-1.0,-1.0,-1.0,-1.0,-1.0,-1.0,0,-2,1,1,0
0.3500000000000001,0,-1.0,-0.11083056926727297,-0.7474789619445801,-0.831723974227014,0.0,0.02499999999999991,0.15915494309189526,1,1,1,1,1,1,3,20.0,100,-0.19936507936509928,-1.1818181818181819,-1.0,-1.0,1,0,1,0,0,0,-1,-1,-1,1,-1,0,0,0,-1.0,-1.0,-1.0,-1.0,-1.0,-1.0,-1.0,-1.0,-1.0,-1.0,-1.0,-1.0,-1.0,0,-2,1,1,0
0.3466666666666667,0,-1.0,-0.11101875305175779,-0.7475258827209472,0.9941649213286026,0.0,0.02499999999999991,0.15915494309189526,1,1,1,1,1,1,2,20.0,100,-0.22158730158732143,-1.1818181818181819,-1.0,-1.0,1,0,1,0,0,0,-1,-1,-1,1,-1,0,0,0,-1.0,-1.0,-1.0,-1.0,-1.0,-1.0,-1.0,-1.0,-1.0,-1.0,-1.0,-1.0,-1.0,0,-2,1,0,0
0.34333333333333327,0,-1.0,-0.11122467517852785,-0.7474231243133544,0.8183178307060945,0.0,0.02499999999999991,0.15915494309189526,1,1,1,1,1,1,2,20.0,100,-0.24380952380954357,-1.1818181818181819,-1.0,-1.0,1,0,1,0,0,0,1,-1,-1,-1,-1,0,0,0,-1.0,-1.0,-1.0,-1.0,-1.0,-1.0,-1.0,-1.0,-1.0,-1.0,-1.0,-1.0,-1.0,0,-2,1,0,0
0.3400000000000001,0,-1.0,-0.2158648252487183,-0.676041555404663,0.809323382261077,0.0,0.02499999999999991,0.15915494309189526,1,1,1,1,1,1,1,20.0,100,-0.2660317460317657,-1.1818181818181819,-1.0,-1.0,1,0,1,0,0,0,1,-1,-1,1,-1,0,0,0,-1.0,-1.0,-1.0,-1.0,-1.0,-1.0,-1.0,-1.0,-1.0,-1.0,-1.0,-1.0,-1.0,0,-2,1,0,0
0.33666666666666667,0,-1.0,-0.28304355144500737,-0.6301886558532714,0.7448800920960621,0.0,0.02499999999999991,0.15915494309189526,1,1,1,1,1,1,1,20.0,100,-0.28825396825398786,-1.1818181818181819,-1.0,-1.0,1,0,1,0,0,0,-1,-1,-1,1,-1,0,0,0,-1.0,-1.0,-1.0,-1.0,-1.0,-1.0,-1.0,-1.0,-1.0,-1.0,-1.0,-1.0,-1.0,0,-2,1,0,0
0.33333333333333326,1,-1.0,-0.2831465005874634,-0.630119276046753,0.5772814414792247,0.0,0.02499999999999991,0.15915494309189526,1,1,1,1,1,1,0,20.0,100,-0.31047619047621,-1.1818181818181819,-1.0,-1.0,1,0,1,0,0,0,-1,-1,-1,1,-1,0,0,0,-1.0,-1.0,-1.0,-1.0,-1.0,-1.0,-1.0,-1.0,-1.0,-1.0,-1.0,-1.0,-1.0,0,-2,1,0,0
0.33000000000000007,1,-1.0,-0.28326742649078374,-0.6300226211547852,0.4038587644481082,0.0,0.02499999999999991,0.15915494309189526,1,1,1,1,1,1,0,20.0,100,-0.33269841269843214,-1.1818181818181819,-1.0,-1.0,1,0,1,0,0,0,1,-1,-1,1,-1,0,0,0,-1.0,-1.0,-1.0,-1.0,-1.0,-1.0,-1.0,-1.0,-1.0,-1.0,-1.0,-1.0,-1.0,0,-2,1,0,0
