remaining_time,robot_mode,alarm,robot_x,robot_y,robot_theta,tree_1,tree_2,tree_3,tree_4,tree_5,tree_6,tree_7,tree_8,tree_9,battery_level,temperature,water_robot_tank,water_ground_tank,leak_1,leak_2,leak_3,leak_4,leak_5,leak_6,leak_7,leak_8,leak_9,key_front,key_back,key_left,key_right,key_space,click_left,click_right,click_push,click_wrench,click_leak_1,click_leak_2,click_leak_3,click_leak_4,click_leak_5,click_leak_6,click_leak_7,click_leak_8,click_leak_9,click_rm_alarm,error_down,error_up,error_click,shortcuts,water_robot_tank_oh,water_ground_tank_oh,close_to_water
1.0,0,-1.0,1.6282418073831906e-06,-5.921227784755345e-06,-1.1497999256926406e-05,0.0,0.0,0.0,0,0,0,0,0,0,100,20.0,50,0.0,-1.1818181818181819,-1.0,-1.0,0,0,0,0,0,0,-1,-1,-1,-1,-1,0,0,0,-1.0,-1.0,-1.0,-1.0,-1.0,-1.0,-1.0,-1.0,-1.0,-1.0,-1.0,-1.0,-1.0,0,-2,1,1,0
0.9966666666666666,0,-1.0,1.5152047125877033e-06,-5.752656215940455e-06,-2.8015186574581463e-05,0.0,0.0,0.0,0,0,0,0,0,0,100,20.0,50,0.0,-1.1818181818181819,-1.0,-1.0,0,0,0,0,0,0,-1,-1,-1,-1,-1,0,0,0,-1.0,-1.0,-1.0,-1.0,-1.0,-1.0,-1.0,-1.0,-1.0,-1.0,-1.0,-1.0,-1.0,0,-2,1,1,0
0.9933333333333334,0,-1.0,1.3727316399148037e-06,-5.575498289500658e-06,-4.538065859660545e-05,0.0,0.0,0.0,0,0,0,0,0,0,99,20.0,50,0.0,-1.1818181818181819,-1.0,-1.0,0,0,0,0,0,0,-1,-1,-1,-1,-1,0,0,0,-1.0,-1.0,-1.0,-1.0,-1.0,-1.0,-1.0,-1.0,-1.0,-1.0,-1.0,-1.0,-1.0,0,-2,1,1,0
0.99,0,-1.0,1.2335067367530428e-06,-5.410917947257232e-06,-6.149898511897955e-05,0.0,0.0,0.0,0,0,0,1,0,0,99,20.0,50,0.0,-1.1818181818181819,-1.0,-1.0,0,0,0,0,0,0,-1,-1,-1,-1,-1,0,0,0,-1.0,-1.0,-1.0,-1.0,-1.0,-1.0,-1.0,-1.0,-1.0,-1.0,-1.0,-1.0,-1.0,0,-2,1,1,0
0.9866666666666666,0,-1.0,0.01906299591064453,-3.909254519429695e-06,-2.5950628773752094e-05,0.0,0.0,0.0,0,0,0,1,0,0,98,20.0,50,0.0,-1.1818181818181819,-1.0,-1.0,0,0,0,0,0,0,1,-1,-1,-1,-1,0,0,0,-1.0,-1.0,-1.0,-1.0,-1.0,-1.0,-1.0,-1.0,-1.0,-1.0,-1.0,-1.0,-1.0,0,-2,1,1,0
0.9833333333333334,0,-1.0,0.06447498798370366,-9.467638446947202e-05,-0.0006809049378792009,0.0,0.0,0.0,0,0,0,1,0,0,98,20.0,50,0.0,-1.1818181818181819,-1.0,-1.0,0,0,0,0,0,0,1,-1,-1,-1,-1,0,0,0,-1.0,-1.0,-1.0,-1.0,-1.0,-1.0,-1.0,-1.0,-1.0,-1.0,-1.0,-1.0,-1.0,0,-2,1,1,0
0.98,0,-1.0,0.10749433040618905,-0.00021191819105292886,-0.0008245515386258173,0.0,0.0,0.0,0,0,0,1,0,0,97,20.0,50,0.0,-1.1818181818181819,-1.0,-1.0,0,0,0,0,0,0,1,-1,-1,-1,-1,0,0,0,-1.0,-1.0,-1.0,-1.0,-1.0,-1.0,-1.0,-1.0,-1.0,-1.0,-1.0,-1.0,-1.0,0,-2,1,1,0
0.9766666666666666,0,-1.0,0.16248116493225107,-0.00032390973065044015,-0.05070680264761307,0.0,0.0,0.0,0,0,0,1,0,0,97,20.0,50,0.0,-1.1818181818181819,-1.0,-1.0,0,0,0,0,0,0,-1,-1,-1,1,-1,0,0,0,-1.0,-1.0,-1.0,-1.0,-1.0,-1.0,-1.0,-1.0,-1.0,-1.0,-1.0,-1.0,-1.0,0,-2,1,1,0
0.9733333333333334,0,-1.0,0.16250268220901498,-0.0003439110005274415,-0.14288369648251087,0.0,0.0,0.0,0,0,0,1,0,0,96,20.0,50,0.0,-1.1818181818181819,-1.0,-1.0,0,0,0,0,0,0,-1,-1,-1,1,-1,0,0,0,-1.0,-1.0,-1.0,-1.0,-1.0,-1.0,-1.0,-1.0,-1.0,-1.0,-1.0,-1.0,-1.0,0,-2,1,1,0
0.97,0,-1.0,0.16249583959579472,-0.0003746429458260092,-0.23693859826157304,0.0,0.0,0.0,0,0,0,1,1,0,96,20.0,50,0.0,-1.1818181818181819,-1.0,-1.0,0,0,0,0,0,0,-1,-1,-1,1,-1,0,0,0,-1.0,-1.0,-1.0,-1.0,-1.0,-1.0,-1.0,-1.0,-1.0,-1.0,-1.0,-1.0,-1.0,0,-2,1,1,0
0.9666666666666666,0,-1.0,0.1843148589134216,-0.018958021700382188,-0.22437215060811588,0.0,0.0,0.0,0,0,0,1,1,0,95,20.0,50,0.0,-1.1818181818181819,-1.0,-1.0,0,0,0,1,0,0,1,-1,1,1,-1,0,0,0,-1.0,-1.0,-1.0,-1.0,-1.0,-1.0,-1.0,-1.0,-1.0,-1.0,-1.0,-1.0,-1.0,0,-2,1,1,0
0.9633333333333334,0,-1.0,0.21414639949798575,-0.049809932708740234,-0.2713022286132919,0.0,0.0,0.0,0,0,0,1,1,0,95,20.0,50,-0.011111111111111405,-1.1818181818181819,-1.0,-1.0,0,0,0,1,0,0,1,-1,-1,1,-1,0,0,0,-1.0,-1.0,-1.0,-1.0,-1.0,-1.0,-1.0,-1.0,-1.0,-1.0,-1.0,-1.0,-1.0,0,-2,1,1,0
0.96,0,-1.0,0.27081191539764404,-0.11456339359283452,-0.270837092730814,0.0,0.0,0.0,0,0,0,1,1,0,94,20.0,50,-0.02222222222222281,-1.1818181818181819,-1.0,-1.0,0,0,0,1,0,0,1,-1,-1,-1,-1,0,0,0,-1.0,-1.0,-1.0,-1.0,-1.0,-1.0,-1.0,-1.0,-1.0,-1.0,-1.0,-1.0,-1.0,0,-2,1,1,0
0.9566666666666668,0,-1.0,0.33061568737030034,-0.18293684720993042,-0.270906210450665,0.0,0.0,0.0,0,0,0,1,1,0,94,20.0,50,-0.0333333333333341,-1.1818181818181819,-1.0,-1.0,0,0,0,1,0,0,1,-1,-1,-1,-1,0,0,0,-1.0,-1.0,-1.0,-1.0,-1.0,-1.0,-1.0,-1.0,-1.0,-1.0,-1.0,-1.0,-1.0,0,-2,1,1,0
0.9533333333333334,0,-1.0,0.3747240066528321,-0.23326091766357426,-0.2959028434836376,0.0,0.0,0.0,0,0,0,1,1,0,93,20.0,50,-0.04444444444444562,-1.1818181818181819,-1.0,-1.0,0,0,0,1,0,0,1,-1,-1,1,-1,0,0,0,-1.0,-1.0,-1.0,-1.0,-1.0,-1.0,-1.0,-1.0,-1.0,-1.0,-1.0,-1.0,-1.0,0,-2,1,1,0
0.95,0,-1.0,0.41463193893432626,-0.29282577037811275,-0.31239295022405167,0.0,0.0,0.0,0,0,0,1,1,0,93,20.0,50,-0.055555555555557246,-1.1818181818181819,-1.0,-1.0,0,0,0,1,0,0,1,-1,-1,-1,-1,0,0,0,-1.0,-1.0,-1.0,-1.0,-1.0,-1.0,-1.0,-1.0,-1.0,-1.0,-1.0,-1.0,-1.0,0,-2,1,1,0
0.9466666666666668,0,-1.0,0.46257004737854013,-0.3643047094345093,-0.31136536723617103,0.0,0.0,0.0,0,0,0,1,1,0,92,20.0,50,-0.06666666666666854,-1.1818181818181819,-1.0,-1.0,0,0,0,1,0,0,1,-1,1,-1,-1,0,0,0,-1.0,-1.0,-1.0,-1.0,-1.0,-1.0,-1.0,-1.0,-1.0,-1.0,-1.0,-1.0,-1.0,0,-2,1,1,0
0.9433333333333334,0,-1.0,0.4867241382598877,-0.39385185241699217,-0.26394922640781004,0.0,0.0,0.0,0,0,0,1,1,0,92,20.0,50,-0.07777777777777994,-1.1818181818181819,-1.0,-1.0,0,0,0,1,0,0,1,-1,1,-1,-1,0,0,0,-1.0,-1.0,-1.0,-1.0,-1.0,-1.0,-1.0,-1.0,-1.0,-1.0,-1.0,-1.0,-1.0,0,-2,1,1,0
0.94,0,-1.0,0.5447241306304931,-0.4573862552642822,-0.2650336896932788,0.0,0.0,0.0,0,0,0,1,1,0,91,20.0,50,-0.08888888888889146,-1.1818181818181819,-1.0,-1.0,0,0,0,1,0,0,1,-1,-1,-1,-1,0,0,0,-1.0,-1.0,-1.0,-1.0,-1.0,-1.0,-1.0,-1.0,-1.0,-1.0,-1.0,-1.0,-1.0,0,-2,1,1,0
0.9366666666666668,0,-1.0,0.597895622253418,-0.5156254291534423,-0.264508505064348,0.0,0.0,0.0,0,0,0,1,1,0,91,20.0,50,-0.10000000000000286,-1.1818181818181819,-1.0,-1.0,0,0,0,1,0,0,1,-1,-1,-1,-1,0,0,0,-1.0,-1.0,-1.0,-1.0,-1.0,-1.0,-1.0,-1.0,-1.0,-1.0,-1.0,-1.0,-1.0,0,-2,1,1,0
0.9333333333333333,0,-1.0,0.6378483772277832,-0.560004186630249,-0.2887854448590258,0.0,0.0,0.0,0,0,0,1,1,0,90,20.0,50,-0.11111111111111427,-1.1818181818181819,-1.0,-1.0,0,0,0,1,0,0,1,-1,-1,1,-1,0,0,0,-1.0,-1.0,-1.0,-1.0,-1.0,-1.0,-1.0,-1.0,-1.0,-1.0,-1.0,-1.0,-1.0,0,-2,1,1,0
0.9299999999999999,0,-1.0,0.6776772022247315,-0.6108030796051025,-0.2880189268794212,0.0,0.0,0.0,0,0,0,1,1,0,90,20.0,50,-0.12222222222222556,-1.1818181818181819,-1.0,-1.0,0,0,0,1,0,0,1,-1,-1,-1,-1,0,0,0,-1.0,-1.0,-1.0,-1.0,-1.0,-1.0,-1.0,-1.0,-1.0,-1.0,-1.0,-1.0,-1.0,0,-2,1,1,0
0.9266666666666667,0,-1.0,0.7294083118438721,-0.6765350341796875,-0.28747556635819893,0.0,0.0,0.0,0,0,0,1,1,0,89,20.0,50,-0.1333333333333374,-1.1818181818181819,-1.0,-1.0,0,0,0,1,0,0,1,-1,-1,-1,-1,0,0,0,-1.0,-1.0,-1.0,-1.0,-1.0,-1.0,-1.0,-1.0,-1.0,-1.0,-1.0,-1.0,-1.0,0,-2,1,1,0
0.9233333333333333,0,-1.0,0.7812606334686278,-0.7422087669372558,-0.28694260290271334,0.0,0.0,0.0,0,0,0,1,1,0,89,28.582523444707668,50,-0.1444444444444486,-1.1818181818181819,-1.0,-1.0,0,0,0,1,0,0,1,-1,-1,-1,-1,0,0,0,-1.0,-1.0,-1.0,-1.0,-1.0,-1.0,-1.0,-1.0,-1.0,-1.0,-1.0,-1.0,-1.0,0,-2,1,1,0
0.9199999999999999,0,-1.0,0.7990732669830323,-0.7646860122680664,-0.2877176396460328,0.0,0.0,0.0,0,0,0,1,1,0,88,40.929468439101626,50,-0.15555555555556,-1.1818181818181819,-1.0,-1.0,0,0,0,1,0,0,-1,1,-1,-1,-1,0,0,0,-1.0,-1.0,-1.0,-1.0,-1.0,-1.0,-1.0,-1.0,-1.0,-1.0,-1.0,-1.0,-1.0,0,-2,1,1,0
0.9166666666666667,0,-1.0,0.7754393100738526,-0.7346483707427978,-0.28809656336298695,0.0,0.0,0.0,0,0,0,1,1,0,88,48.254056030689156,50,-0.1666666666666714,-1.1818181818181819,-1.0,-1.0,0,0,0,1,0,0,-1,-1,-1,-1,-1,0,0,0,-1.0,-1.0,-1.0,-1.0,-1.0,-1.0,-1.0,-1.0,-1.0,-1.0,-1.0,-1.0,-1.0,0,-2,1,1,0
0.9133333333333333,0,-1.0,0.7754393100738526,-0.7346483707427978,-0.28809352772335584,0.0,0.0,0.0,0,0,0,1,1,0,87,55.57864362227669,50,-0.1777777777777828,-1.1818181818181819,-1.0,-1.0,0,0,0,1,0,0,-1,-1,-1,-1,-1,0,0,0,-1.0,-1.0,-1.0,-1.0,-1.0,-1.0,-1.0,-1.0,-1.0,-1.0,-1.0,-1.0,-1.0,0,-2,1,1,0
0.9099999999999999,0,-1.0,0.7842873573303222,-0.7459280967712403,-0.2879593334789128,0.0,0.0,0.0,0,0,0,1,1,0,87,64.79470260852486,50,-0.1888888888888941,-1.1818181818181819,-1.0,-1.0,0,0,0,1,0,0,1,-1,-1,-1,-1,0,0,0,-1.0,-1.0,-1.0,-1.0,-1.0,-1.0,-1.0,-1.0,-1.0,-1.0,-1.0,-1.0,-1.0,0,-2,1,1,0
0.9066666666666667,0,-1.0,0.7990658760070801,-0.7646919727325441,-0.22271216799408267,0.0,0.0,0.0,0,0,0,1,1,0,86,77.1413864721597,50,-0.20000000000000573,-1.1818181818181819,-1.0,-1.0,0,0,0,1,0,0,-1,-1,1,-1,-1,0,0,0,-1.0,-1.0,-1.0,-1.0,-1.0,-1.0,-1.0,-1.0,-1.0,-1.0,-1.0,-1.0,-1.0,0,-2,1,0,0
0.9033333333333333,0,-1.0,0.7643093585968017,-0.7354634284973144,-0.22265965142846444,0.0,0.0,0.0,0,0,0,1,1,0,86,83.43340537117402,50,-0.21111111111111713,-1.1818181818181819,-1.0,-1.0,0,0,0,1,0,0,-1,1,-1,-1,-1,0,0,0,-1.0,-1.0,-1.0,-1.0,-1.0,-1.0,-1.0,-1.0,-1.0,-1.0,-1.0,-1.0,-1.0,0,-2,1,0,0
0.8999999999999999,1,-1.0,0.7442004203796386,-0.7185155391693115,-0.22264836264358623,0.0,0.0,0.0,0,0,0,1,1,0,85,86.21910861216206,50,-0.22222222222222865,-1.1818181818181819,-1.0,-1.0,0,0,0,1,0,1,-1,-1,-1,-1,-1,0,0,0,-1.0,-1.0,-1.0,-1.0,-1.0,-1.0,-1.0,-1.0,-1.0,-1.0,-1.0,-1.0,-1.0,0,-2,1,0,0
0.8966666666666667,1,-1.0,0.7442004203796386,-0.7185155391693115,-0.22264836264358623,0.0,0.0,0.0,0,0,0,1,1,0,85,86.21910861216206,50,-0.24444444444445068,-1.1818181818181819,-1.0,-1.0,0,0,0,1,0,1,-1,-1,-1,-1,-1,0,0,0,-1.0,-1.0,-1.0,-1.0,-1.0,-1.0,-1.0,-1.0,-1.0,-1.0,-1.0,-1.0,-1.0,0,-2,1,0,0
0.8933333333333333,1,-1.0,0.7568426609039307,-0.7291448593139648,-0.2225505581292211,0.0,0.0,0.0,0,0,0,0,1,0,84,82.8857752788287,40,-0.2666666666666728,-1.1818181818181819,-1.0,-1.0,0,0,0,1,0,1,-1,-1,-1,-1,-1,0,0,0,-1.0,-1.0,-1.0,-1.0,-1.0,-1.0,-1.0,-1.0,-1.0,-1.0,-1.0,-1.0,-1.0,0,-2,0,0,0
0.8899999999999999,1,0.4285714285714286,0.7707297325134277,-0.7408321857452392,-0.22300265973403288,0.0,0.0,0.0,0,0,0,0,1,0,84,79.55244194549536,40,-0.28888888888889497,-1.1818181818181819,-1.0,-1.0,0,0,0,1,0,1,-1,1,-1,-1,-1,0,0,1,-1.0,-1.0,-1.0,-1.0,-1.0,-1.0,-1.0,-1.0,-1.0,-1.0,-1.0,-1.0,-1.0,0,-2,0,0,0
0.8866666666666667,1,-1.0,0.7181072235107422,-0.6965106010437012,-0.22231186199047692,0.0,0.0,0.0,0,0,0,0,1,0,83,76.21910861216206,40,-0.3111111111111171,-1.1818181818181819,-1.0,-1.0,0,0,0,1,0,1,-1,1,-1,-1,-1,0,0,0,-1.0,-1.0,-1.0,-1.0,-1.0,-1.0,-1.0,-1.0,-1.0,-1.0,-1.0,-1.0,-1.0,0,-2,0,0,0
0.8833333333333333,1,-1.0,0.7181072235107422,-0.6965106010437012,-0.22231186199047692,0.0,0.0,0.0,0,0,0,0,1,0,83,76.21910861216206,40,-0.33333333333333925,-1.1818181818181819,-1.0,-1.0,0,0,0,1,0,1,-1,1,-1,-1,-1,0,0,0,-1.0,-1.0,-1.0,-1.0,-1.0,-1.0,-1.0,-1.0,-1.0,-1.0,-1.0,-1.0,-1.0,0,-2,0,0,0
0.8799999999999999,1,-1.0,0.7044549942016602,-0.6850920200347901,-0.3128444826464326,0.0,0.0,0.0,0,0,0,0,1,0,82,72.88577527882872,40,-0.3555555555555614,-1.1818181818181819,-1.0,-1.0,0,0,0,1,0,1,-1,-1,-1,-1,-1,0,0,0,-1.0,-1.0,-1.0,-1.0,-1.0,-1.0,-1.0,-1.0,-1.0,-1.0,-1.0,-1.0,-1.0,0,-2,0,0,0
0.8766666666666667,1,-1.0,0.7044137477874757,-0.6852262496948243,-0.4460047123401396,0.0,0.0,0.0,0,0,0,0,1,0,82,69.55244194549542,40,-0.37777777777778343,-1.1818181818181819,-1.0,-1.0,0,0,0,1,0,1,-1,-1,-1,-1,-1,0,0,0,-1.0,-1.0,-1.0,-1.0,-1.0,-1.0,-1.0,-1.0,-1.0,-1.0,-0.6666666666666667,-1.0,-1.0,0,-2,0,0,0
0.8733333333333333,1,-1.0,0.7044199466705323,-0.6853533744812013,-0.5764251634302775,0.0,0.0,0.0,0,0,0,0,1,0,81,66.21910861216206,40,-0.4000000000000056,-1.1818181818181819,-1.0,-1.0,0,0,0,1,0,1,-1,-1,-1,-1,-1,0,0,0,-1.0,-1.0,-1.0,-1.0,-1.0,-1.0,-1.0,-1.0,-1.0,-1.0,-1.0,-1.0,-1.0,0,-2,0,0,0
0.8700000000000001,1,-1.0,0.7044284343719482,-0.6854918956756593,-0.6981842136884269,0.0,0.0,0.0,0,0,1,0,1,0,81,62.88577527882872,40,-0.4222222222222278,-1.1818181818181819,-1.0,-1.0,0,0,0,1,0,1,-1,-1,-1,-1,-1,0,0,0,-1.0,-1.0,-1.0,-1.0,-1.0,-1.0,-1.0,-1.0,-1.0,-1.0,-1.0,-1.0,-1.0,0,-2,0,0,0
0.8666666666666667,0,-1.0,0.7042841434478759,-0.6855317115783692,-0.8105841592908707,0.0,0.0,0.0,0,0,1,0,1,0,80,64.62358460766636,40,-0.44444444444444997,-1.1818181818181819,-0.98,-1.0,0,0,0,1,0,1,-1,-1,-1,-1,-1,0,0,0,-1.0,-1.0,-1.0,-1.0,-1.0,-1.0,-1.0,-1.0,-1.0,-1.0,-1.0,-1.0,-1.0,0,-2,0,0,0
0.8633333333333333,0,-1.0,0.7042510509490967,-0.6855746269226074,-0.8531083858264347,0.0,0.0,0.0,0,0,1,0,1,0,80,66.35501932424087,40,-0.4777777777777832,-1.1818181818181819,-0.98,-1.0,0,0,0,1,0,1,-1,-1,-1,-1,-1,0,0,0,-1.0,-1.0,-1.0,-1.0,-1.0,-1.0,-1.0,-1.0,-1.0,-1.0,-1.0,-1.0,-1.0,0,-2,0,0,0
0.8600000000000001,0,-1.0,0.7042486190795898,-0.6855815887451173,-0.8560732191631556,0.0,0.0,0.0,0,0,1,0,1,0,79,68.08577676912684,40,-0.5111111111111164,-1.1818181818181819,-0.98,-1.0,0,0,0,1,0,1,-1,-1,-1,-1,-1,0,0,0,-1.0,-1.0,-1.0,-1.0,-1.0,-1.0,-1.0,-1.0,-1.0,-1.0,-1.0,-1.0,-1.0,0,-2,0,0,0
0.8566666666666667,0,0.7142857142857142,0.7042486190795898,-0.6855815887451173,-0.8560591793298618,0.0,0.0,0.0,0,0,1,0,1,0,79,69.81653421401279,40,-0.5444444444444496,-1.1818181818181819,-0.98,-1.0,0,0,0,1,0,1,-1,-1,-1,-1,-1,0,0,0,-1.0,-1.0,-1.0,-1.0,-1.0,-1.0,-1.0,-1.0,-1.0,-1.0,-1.0,-1.0,-1.0,0,-2,0,0,0
0.8533333333333333,0,-1.0,0.7042486190795898,-0.6855815887451173,-0.8560473403353004,0.0,0.0,0.0,0,0,1,0,1,0,78,71.54729165889877,40,-0.5777777777777828,-1.1818181818181819,-0.98,-1.0,0,0,0,1,0,1,-1,-1,-1,-1,-1,0,0,0,-1.0,-1.0,-1.0,-1.0,-1.0,-1.0,-1.0,-1.0,-1.0,-1.0,-1.0,-1.0,-1.0,0,-2,0,0,0
0.8500000000000001,0,-1.0,0.7042486190795898,-0.6855815887451173,-0.856033452283988,0.0,0.0,0.0,0,0,1,0,1,0,78,73.27804910378474,40,-0.611111111111116,-1.1818181818181819,-0.98,-1.0,0,0,0,1,0,1,-1,-1,-1,-1,-1,0,0,0,-1.0,-1.0,-1.0,-1.0,-1.0,-1.0,-1.0,-1.0,-1.0,-1.0,-1.0,-1.0,-1.0,0,-2,0,0,0
0.8466666666666667,0,-1.0,0.7042486190795898,-0.6855815887451173,-0.8560209302705096,0.0,0.0,0.0,0,0,1,0,1,0,77,75.0088065486707,40,-0.6444444444444493,-1.1818181818181819,-0.98,-1.0,0,0,0,1,0,1,-1,-1,-1,-1,-1,0,0,0,-1.0,-1.0,-1.0,-1.0,-1.0,-1.0,-1.0,-1.0,-1.0,-1.0,-1.0,-1.0,-1.0,0,-2,0,0,0
0.8433333333333333,0,-1.0,0.7042486190795898,-0.6855815887451173,-0.8560046137074924,0.0,0.0,0.0,0,0,1,0,1,0,77,76.73956399355669,40,-0.6777777777777825,-1.1818181818181819,-0.98,-1.0,0,0,0,1,0,1,-1,-1,-1,-1,-1,0,0,0,-1.0,-1.0,-1.0,-1.0,-1.0,-1.0,-1.0,-1.0,-1.0,-1.0,-1.0,-1.0,-1.0,0,-2,0,0,0
0.8400000000000001,0,1.0,0.693524169921875,-0.6907993793487549,-0.8556413235346386,0.0,0.0,0.0,0,0,1,0,1,0,76,76.88074961769615,40,-0.7111111111111159,-1.1818181818181819,-0.98,-1.0,0,0,0,1,0,1,1,-1,-1,-1,-1,0,0,0,-1.0,-1.0,-1.0,-1.0,-1.0,-1.0,-1.0,-1.0,-1.0,-1.0,-0.6666666666666667,-1.0,-1.0,0,-2,0,0,0
0.8366666666666667,0,-1.0,0.6398105621337891,-0.7169588088989258,-0.8557319373776273,0.0,0.0,0.0,0,0,1,0,1,0,76,73.54741628436285,40,-0.7444444444444493,-1.1818181818181819,-0.98,-1.0,0,0,0,1,0,1,1,-1,-1,-1,-1,0,0,0,-1.0,-1.0,-1.0,-1.0,-1.0,-1.0,-1.0,-1.0,-1.0,-1.0,-1.0,-1.0,-1.0,0,-2,0,0,0
0.8333333333333333,1,-1.0,0.5774520874023437,-0.7472232341766357,-0.8566008133310437,0.0,0.0,0.0,0,0,1,0,1,0,75,70.21408295102951,40,-0.7777777777777827,-1.1818181818181819,-0.98,-1.0,0,0,1,1,0,1,-1,-1,-1,-1,-1,0,0,0,-1.0,-1.0,-1.0,-1.0,-1.0,-1.0,-1.0,-1.0,-1.0,-1.0,-1.0,-1.0,-1.0,0,-2,0,0,0
0.8300000000000001,1,-1.0,0.5774520874023437,-0.7472232341766357,-0.8566008133310437,0.0,0.0,0.0,0,0,1,0,1,0,75,70.21408295102951,40,-0.8222222222222271,-1.1818181818181819,-0.98,-1.0,0,0,1,1,0,1,1,-1,-1,1,-1,0,0,0,-1.0,-1.0,-1.0,-1.0,-1.0,-1.0,-1.0,-1.0,-1.0,-1.0,-0.6666666666666667,-1.0,-1.0,0,-2,0,0,0
0.8266666666666667,1,-1.0,0.5754304885864259,-0.7482346534729004,-0.7837439443644254,0.0,0.0,0.0,0,0,1,0,1,0,74,66.8807496176962,40,-0.8666666666666716,-1.1818181818181819,-0.98,-1.0,0,0,1,1,0,1,-1,-1,-1,1,-1,0,0,0,-1.0,-1.0,-1.0,-1.0,-1.0,-1.0,-1.0,-1.0,-1.0,-1.0,-1.0,-1.0,-1.0,0,-2,0,0,0
0.8233333333333333,1,0.4285714285714286,0.5755717277526855,-0.7481894493103027,-0.6971337305940789,0.0,0.0,0.0,0,0,1,0,1,0,74,63.54741628436285,40,-0.9111111111111161,-1.1818181818181819,-0.98,-1.0,0,0,1,1,0,1,-1,-1,-1,1,-1,0,0,0,-1.0,-1.0,-1.0,-1.0,-1.0,-1.0,-1.0,-1.0,-1.0,-1.0,-1.0,-1.0,-1.0,0,-2,0,0,0
0.8200000000000001,1,-1.0,0.5756371974945069,-0.7481389045715332,-0.6532766305874824,0.0,0.0,0.0,0,0,1,1,1,0,73,60.21408295102951,40,-0.9555555555555605,-1.1818181818181819,-0.98,-1.0,0,0,1,1,0,1,-1,-1,-1,1,-1,0,0,0,-1.0,-1.0,-1.0,-1.0,-1.0,-1.0,-1.0,-1.0,-1.0,-1.0,-1.0,-1.0,-1.0,0,-2,0,0,0
0.8166666666666667,1,-1.0,0.5757439613342286,-0.7480214595794678,-0.5563203877718588,0.0,0.0,0.0,0,0,1,1,1,0,73,56.88074961769621,40,-0.9822222222222272,-1.1818181818181819,-0.98,-1.0,0,0,1,1,0,1,-1,-1,-1,-1,-1,0,0,0,-1.0,-1.0,-1.0,-1.0,-1.0,-1.0,-1.0,-1.0,-1.0,-1.0,-0.6666666666666667,-1.0,-1.0,0,-2,0,0,0
0.8133333333333332,1,-1.0,0.5757763385772705,-0.7478831768035887,-0.43547070131070587,0.0,0.0,0.0,0,0,1,1,1,0,72,53.54741628436288,40,-0.9822222222222272,-1.1818181818181819,-0.98,-1.0,0,0,1,1,0,1,-1,-1,-1,-1,-1,0,0,0,-1.0,-1.0,-1.0,-1.0,-1.0,-1.0,-1.0,-1.0,-1.0,-1.0,-1.0,-1.0,-1.0,0,-2,0,0,0
0.81,1,-1.0,0.5758198261260987,-0.7478583812713622,-0.3652996145077182,0.0,0.0,0.0,0,0,1,1,1,0,72,50.21408295102955,40,-0.9822222222222272,-1.1818181818181819,-0.98,-1.0,0,0,1,1,0,1,-1,-1,-1,-1,-1,0,0,1,-1.0,-1.0,-1.0,-1.0,-1.0,-1.0,-1.0,-1.0,-1.0,-1.0,-1.0,-1.0,-1.0,0,-2,0,0,0
0.8066666666666666,1,-1.0,0.5758216857910157,-0.7478523254394531,-0.3251794248325218,0.0,0.0,0.0,0,0,1,1,1,0,71,46.880749617696196,40,-0.9822222222222272,-1.1818181818181819,-0.98,-1.0,0,0,1,1,0,1,-1,-1,-1,-1,-1,0,0,4,-1.0,-1.0,-1.0,-1.0,-1.0,-1.0,-1.0,-1.0,-1.0,-1.0,-1.0,-1.0,-1.0,0,-2,0,0,0
0.8033333333333332,1,-1.0,0.5758875846862792,-0.7478386402130128,-0.24077965000506818,0.0,0.0,0.0,0,0,1,1,1,0,71,43.54741628436288,40,-0.9822222222222272,-1.1818181818181819,-0.98,-1.0,0,0,1,1,0,1,-1,-1,-1,-1,-1,0,0,0,-1.0,-1.0,-1.0,-1.0,-1.0,-1.0,-1.0,-1.0,-1.0,-1.0,-1.0,-1.0,-1.0,0,-2,0,0,0
0.8,0,-1.0,0.5759393215179442,-0.7478503227233887,-0.20001508889992414,0.0,0.0,0.15915494309189526,0,0,1,1,1,0,70,40.21408295102955,40,-0.9822222222222272,-1.1818181818181819,-0.98,-1.0,0,1,1,1,0,1,-1,-1,-1,-1,-1,0,0,0,-1.0,-1.0,-1.0,-1.0,-1.0,-1.0,-1.0,-1.0,-1.0,-1.0,-1.0,-1.0,-1.0,0,-2,0,0,0
0.7966666666666666,0,-1.0,0.5760229587554933,-0.7477916717529298,-0.1071624332240182,0.0,0.0,0.15915494309189526,0,0,1,1,1,0,70,33.54741628436289,40,-0.9822222222222272,-1.1818181818181819,-0.98,-1.0,0,1,1,1,0,1,-1,-1,-1,-1,-1,1,0,0,-1.0,-1.0,-1.0,-1.0,-1.0,-1.0,-1.0,-1.0,-1.0,-1.0,-1.0,-1.0,-1.0,0,-2,0,0,0
0.7933333333333332,0,-1.0,0.5760329723358155,-0.7477849006652832,-0.1010979272327115,0.0,0.0,0.15915494309189526,0,0,1,1,1,0,69,30.214082951029546,40,-0.9822222222222272,-1.1818181818181819,-0.98,-1.0,0,1,1,1,0,1,-1,-1,-1,-1,-1,0,0,0,-1.0,-1.0,-1.0,-1.0,-1.0,-1.0,-1.0,-1.0,-1.0,-1.0,-1.0,-1.0,-1.0,0,-2,0,0,0
0.79,0,0.7142857142857142,0.5760329723358155,-0.7477849006652832,-0.1011035526524029,0.0,0.0,0.15915494309189526,0,0,1,1,1,0,69,26.880749617696218,40,-0.9822222222222272,-1.1818181818181819,-0.98,-1.0,0,1,1,1,0,1,-1,-1,-1,-1,-1,0,0,0,-1.0,-1.0,-1.0,-1.0,-1.0,-1.0,-1.0,-1.0,-1.0,-1.0,-1.0,-1.0,-1.0,0,-2,0,0,0
0.7866666666666666,0,-1.0,0.5760329723358155,-0.7477849006652832,-0.10110920653121591,0.0,0.0,0.15915494309189526,0,0,1,1,1,0,68,23.547416284362882,40,-0.9822222222222272,-1.1818181818181819,-0.98,-1.0,0,1,1,1,0,1,-1,-1,-1,-1,-1,0,0,0,-1.0,-1.0,-1.0,-1.0,-1.0,-1.0,-1.0,-1.0,-1.0,-1.0,-1.0,-1.0,-1.0,0,-2,0,0,0
0.7833333333333334,0,-1.0,0.5760329723358155,-0.7477849006652832,-0.10111431020034567,0.0,0.0,0.15915494309189526,0,0,1,1,1,0,68,20.21408295102954,40,-0.9822222222222272,-1.1818181818181819,-0.98,-1.0,0,1,1,1,0,1,-1,-1,-1,-1,-1,0,0,0,-1.0,-1.0,-1.0,-1.0,-1.0,-1.0,-1.0,-1.0,-1.0,-1.0,-1.0,-1.0,-1.0,0,-2,0,0,0
0.78,0,-1.0,0.5760329723358155,-0.7477849006652832,-0.10111953719233557,0.0,0.0,0.15915494309189526,0,0,1,1,1,0,67,20.0,40,-0.9822222222222272,-1.1818181818181819,-0.98,-1.0,0,1,1,1,0,1,-1,-1,-1,-1,-1,0,0,0,-1.0,-1.0,-1.0,-1.0,-1.0,-1.0,-1.0,-1.0,-1.0,-1.0,-0.6666666666666667,-1.0,-1.0,0,-2,0,0,0
0.7766666666666666,0,-1.0,0.575955867767334,-0.7477989673614502,-0.141262019846073,0.0,0.0,0.15915494309189526,0,0,1,1,1,0,67,20.0,40,-0.9822222222222272,-1.1818181818181819,-0.98,-1.0,0,1,1,1,0,1,-1,-1,-1,1,-1,0,0,0,-1.0,-1.0,-1.0,-1.0,-1.0,-1.0,-1.0,-1.0,-1.0,-1.0,-1.0,-1.0,-1.0,0,-2,0,0,0
0.7733333333333334,0,-1.0,0.5758999824523925,-0.7478010654449463,-0.1820758626633534,0.0,0.0,0.15915494309189526,0,0,1,1,1,0,66,20.0,40,-0.9822222222222272,-1.1818181818181819,-0.98,-1.0,0,1,1,1,0,1,-1,-1,1,-1,-1,0,0,0,-1.0,-1.0,-1.0,-1.0,-1.0,-1.0,-1.0,-1.0,-1.0,-1.0,-1.0,-1.0,-1.0,0,-2,0,0,0
0.77,0,-1.0,0.5759795188903809,-0.7477158546447754,-0.09012500065811369,0.0,0.0,0.15915494309189526,0,0,1,1,1,0,66,20.0,40,-0.9822222222222272,-1.1818181818181819,-0.98,-1.0,0,1,1,1,0,1,1,-1,-1,-1,-1,0,0,0,-1.0,-1.0,-1.0,-1.0,-1.0,-1.0,-1.0,-1.0,-1.0,-1.0,-1.0,-1.0,-1.0,0,-2,0,0,0
0.7666666666666666,1,-1.0,0.6539746284484864,-0.7705384731292725,-0.09088415721161291,0.0,0.0,0.15915494309189526,0,0,1,1,1,0,65,20.0,40,-0.9822222222222272,-1.1818181818181819,-0.98,-1.0,0,1,1,1,0,1,1,-1,-1,-1,-1,0,0,0,-1.0,-1.0,-1.0,-1.0,-1.0,-1.0,-1.0,-1.0,-1.0,-1.0,-1.0,-1.0,-1.0,0,-2,0,0,0
0.7633333333333334,1,-1.0,0.6539746284484864,-0.7705384731292725,-0.09088415721161291,0.0,0.0,0.15915494309189526,0,0,1,1,1,0,65,20.0,40,-0.9822222222222272,-1.1818181818181819,-0.98,-1.0,0,1,1,1,0,1,1,-1,-1,-1,-1,0,0,0,-1.0,-1.0,-1.0,-1.0,-1.0,-1.0,-1.0,-1.0,-1.0,-1.0,-1.0,-1.0,-1.0,0,-2,0,0,0
0.76,1,-1.0,0.671964168548584,-0.7756239891052246,-0.07455042385769672,0.0,0.0,0.15915494309189526,0,0,1,1,1,1,64,20.0,40,-0.9822222222222272,-1.1818181818181819,-0.98,-1.0,0,1,1,1,0,1,-1,-1,-1,-1,-1,0,0,0,-1.0,-1.0,-1.0,-1.0,-1.0,-1.0,-1.0,-1.0,-1.0,-1.0,-1.0,-1.0,-1.0,0,-2,0,0,0
0.7566666666666666,1,-1.0,0.6986869335174561,-0.7808352470397949,-0.052590673170814894,0.0,0.0,0.15915494309189526,0,0,1,0,1,1,64,20.0,30,-0.9822222222222272,-1.1818181818181819,-0.98,-1.0,0,1,1,1,0,1,-1,-1,-1,-1,-1,0,0,1,-1.0,-1.0,-1.0,-1.0,-1.0,-1.0,-1.0,-1.0,-1.0,-1.0,-1.0,-1.0,-1.0,0,-2,0,0,0
0.7533333333333334,1,-1.0,0.7244562625885009,-0.7851784706115723,-0.05322234234618106,0.0,0.0,0.15915494309189526,0,0,1,0,1,1,63,20.0,30,-0.9822222222222272,-1.1818181818181819,-0.98,-1.0,0,1,1,1,0,1,-1,-1,-1,-1,-1,0,0,0,-1.0,-1.0,-1.0,-1.0,-1.0,-1.0,-1.0,-1.0,-1.0,-1.0,-1.0,-1.0,-1.0,0,-2,0,0,0
0.75,1,-1.0,0.6886629581451416,-0.7791897296905518,-0.05291739337248769,0.0,0.0,0.15915494309189526,0,0,1,0,1,1,63,20.0,30,-0.9822222222222272,-1.1818181818181819,-0.98,-1.0,0,1,1,1,0,1,-1,1,-1,-1,-1,0,0,0,-1.0,-1.0,-1.0,-1.0,-1.0,-1.0,-1.0,-1.0,-1.0,-1.0,-1.0,-1.0,-1.0,0,-2,0,0,0
0.7466666666666666,1,0.4285714285714286,0.662839937210083,-0.774866247177124,-0.052473516453801494,0.0,0.0,0.15915494309189526,0,0,1,0,1,1,62,20.0,30,-0.9822222222222272,-1.1818181818181819,-0.98,-1.0,0,1,1,1,0,1,-1,1,-1,-1,-1,0,0,0,-1.0,-1.0,-1.0,-1.0,-1.0,-1.0,-1.0,-1.0,-1.0,-1.0,-1.0,-1.0,-1.0,0,-2,0,0,0
0.7433333333333334,1,-1.0,0.6885641098022461,-0.788521957397461,-0.1521821642365847,0.0,0.0,0.15915494309189526,0,0,1,0,1,1,62,20.0,30,-0.9822222222222272,-1.1818181818181819,-0.98,-1.0,0,1,1,1,0,1,-1,-1,-1,-1,-1,0,0,0,-1.0,-1.0,-1.0,-1.0,-1.0,-1.0,-1.0,-1.0,-1.0,-1.0,-1.0,-1.0,-1.0,0,-2,0,0,0
0.74,1,-1.0,0.711260986328125,-0.8017526626586914,-0.18724477907248982,0.0,0.0,0.15915494309189526,0,0,1,0,1,1,61,20.0,30,-0.9822222222222272,-1.1818181818181819,-0.98,-1.0,0,1,1,1,0,1,-1,-1,-1,-1,-1,0,0,0,-1.0,-1.0,-1.0,-1.0,-1.0,-1.0,-1.0,-1.0,-1.0,-1.0,-1.0,-1.0,-1.0,0,-2,0,0,0
0.7366666666666666,1,-1.0,0.711260986328125,-0.8017526626586914,-0.18724477907248982,0.0,0.0,0.15915494309189526,0,0,1,0,1,1,61,20.0,30,-0.9822222222222272,-1.1818181818181819,-0.98,-1.0,0,1,1,1,0,1,-1,-1,-1,-1,-1,0,0,0,-1.0,-1.0,-1.0,-1.0,-1.0,-1.0,-1.0,-1.0,-1.0,-1.0,-0.6666666666666667,-1.0,-1.0,0,-2,0,0,0
0.7333333333333334,1,-1.0,0.7112975120544434,-0.8017127037048339,-0.13256884914807,0.0,0.0,0.15915494309189526,0,0,1,0,1,1,60,20.0,30,-1.0,-1.1818181818181819,-0.98,-1.0,0,1,1,1,0,1,-1,-1,1,-1,-1,0,0,0,-1.0,-1.0,-1.0,-1.0,-1.0,-1.0,-1.0,-1.0,-1.0,-1.0,-1.0,-1.0,-1.0,0,-2,0,0,0
0.73,1,-1.0,0.7111992835998535,-0.8015727043151856,-0.01607055288427217,0.0,0.0,0.15915494309189526,0,0,1,0,1,1,60,20.0,30,-1.0,-1.1818181818181819,-0.98,-1.0,0,1,1,1,0,1,-1,-1,1,-1,-1,0,0,0,-1.0,-1.0,-1.0,-1.0,-1.0,-1.0,-1.0,-1.0,-1.0,-1.0,-1.0,-1.0,-1.0,0,-2,0,0,0
0.7266666666666666,1,-1.0,0.7113692283630371,-0.8015242576599121,0.10571789564642975,0.0,0.0,0.15915494309189526,0,0,1,0,1,1,59,20.0,30,-1.0,-1.1818181818181819,-0.98,-1.0,0,1,1,1,0,1,-1,1,-1,-1,-1,0,0,0,-1.0,-1.0,-1.0,-1.0,-1.0,-1.0,-1.0,-1.0,-1.0,-1.0,-1.0,-1.0,-1.0,0,-2,0,0,0
0.7233333333333334,1,-1.0,0.7114387989044189,-0.8013882637023924,0.1949414915752048,0.0,0.0,0.15915494309189526,0,0,1,0,1,1,59,20.0,30,-1.0,-1.1818181818181819,-0.98,-1.0,0,1,1,1,0,1,-1,1,-1,-1,-1,0,0,0,-1.0,-1.0,-1.0,-1.0,-1.0,-1.0,-1.0,-1.0,-1.0,-1.0,-1.0,-1.0,-1.0,0,-2,0,0,0
0.72,1,-1.0,0.7115138053894043,-0.8012700080871582,0.27374641180778103,0.0,0.0,0.15915494309189526,0,0,1,0,1,1,58,20.0,30,-1.0,-1.1818181818181819,-0.98,-1.0,0,1,1,1,0,1,-1,-1,-1,-1,-1,0,0,0,-1.0,-1.0,-1.0,-1.0,-1.0,-1.0,-1.0,-1.0,-1.0,-1.0,-1.0,-1.0,-1.0,0,-2,0,0,0
0.7166666666666666,1,-1.0,0.729212474822998,-0.7783918857574463,0.29970684145088544,0.0,0.0,0.15915494309189526,0,0,1,0,1,1,58,20.0,30,-1.0,-1.1818181818181819,-0.98,-1.0,0,1,1,1,0,1,-1,-1,-1,-1,-1,0,0,0,-1.0,-1.0,-1.0,-1.0,-1.0,-1.0,-1.0,-1.0,-1.0,-1.0,-1.0,-1.0,-1.0,0,-2,0,0,0
0.7133333333333334,1,-1.0,0.7423817634582519,-0.7598784923553468,0.30357286133034656,0.0,0.0,0.15915494309189526,0,0,1,0,1,1,57,20.0,30,-1.0,-1.1818181818181819,-0.98,-1.0,0,1,1,1,0,1,-1,-1,-1,-1,-1,0,1,0,-1.0,-1.0,-1.0,-1.0,-1.0,-1.0,-1.0,-1.0,-1.0,-1.0,-1.0,-1.0,-1.0,0,-2,0,0,0
0.71,1,0.1428571428571428,0.7575062274932862,-0.7385184288024902,0.3048066591129186,0.0,0.0,0.15915494309189526,0,0,0,0,1,1,57,20.0,20,-1.0,-1.1818181818181819,-0.98,-1.0,0,1,1,1,0,1,-1,-1,-1,-1,-1,0,0,0,-1.0,-1.0,-1.0,-1.0,-1.0,-1.0,-1.0,-1.0,-1.0,-1.0,-1.0,-1.0,-1.0,0,-2,0,0,0
0.7066666666666668,1,-1.0,0.7693680286407472,-0.7216033458709717,0.3067962742453956,0.0,0.0,0.15915494309189526,0,0,0,0,1,1,56,20.0,20,-1.0,-1.1818181818181819,-0.98,-1.0,0,1,1,1,0,1,-1,-1,-1,-1,-1,0,0,0,-1.0,-1.0,-1.0,-1.0,-1.0,-1.0,-1.0,-1.0,-1.0,-1.0,-1.0,-1.0,-1.0,0,-2,0,0,0
0.7033333333333334,1,-1.0,0.7467936515808105,-0.7542557716369629,0.30636986174096204,0.0,0.0,0.15915494309189526,0,0,0,0,1,1,56,20.0,20,-1.0,-1.1818181818181819,-0.98,-1.0,0,1,1,1,0,1,-1,-1,-1,-1,-1,1,0,0,-1.0,-1.0,-1.0,-1.0,-1.0,-1.0,-1.0,-1.0,-1.0,-1.0,-1.0,-1.0,-1.0,0,-2,0,0,0
0.7,1,-1.0,0.7212544441223145,-0.7907437801361084,0.3053082226709698,0.0,0.0,0.15915494309189526,0,0,0,0,1,1,55,20.0,20,-1.0,-1.1818181818181819,-0.98,-1.0,0,1,1,1,0,1,-1,-1,-1,-1,-1,0,0,0,-1.0,-1.0,-1.0,-1.0,-1.0,-1.0,-1.0,-1.0,-1.0,-1.0,-1.0,-1.0,-1.0,0,-2,0,0,0
0.6966666666666668,1,-1.0,0.7463084220886231,-0.7721827030181885,0.1903445845363092,0.0,0.0,0.15915494309189526,0,0,0,0,1,1,55,20.0,20,-1.0,-1.1818181818181819,-0.98,-1.0,0,1,1,1,0,1,-1,-1,-1,-1,-1,0,0,0,-1.0,-1.0,-1.0,-1.0,-1.0,-1.0,-1.0,-1.0,-1.0,-1.0,-0.6666666666666667,-1.0,-1.0,0,-2,0,0,0
0.6933333333333334,1,-1.0,0.7604202270507812,-0.763161563873291,0.1684411354782107,0.0,0.0,0.15915494309189526,0,0,0,0,1,1,54,20.0,20,-1.0,-1.1818181818181819,-0.98,-1.0,0,1,1,1,0,1,-1,-1,1,-1,-1,0,0,0,-1.0,-1.0,-1.0,-1.0,-1.0,-1.0,-1.0,-1.0,-1.0,-1.0,-1.0,-1.0,-1.0,0,-2,0,0,0
0.69,1,-1.0,0.7604202270507812,-0.763161563873291,0.1684411354782107,0.0,0.0,0.15915494309189526,0,0,1,0,1,1,54,20.0,20,-1.0,-1.1818181818181819,-0.98,-1.0,0,1,1,1,0,1,-1,-1,1,-1,-1,0,1,0,-1.0,-1.0,-1.0,-1.0,-1.0,-1.0,-1.0,-1.0,-1.0,-1.0,-1.0,-1.0,-1.0,0,-2,0,0,0
0.6866666666666668,1,-1.0,0.7604851722717285,-0.7630363941192628,0.2562136387450691,0.0,0.0,0.15915494309189526,0,0,1,0,1,1,53,20.0,20,-1.0,-1.1818181818181819,-0.98,-1.0,0,1,1,1,0,1,-1,-1,-1,-1,-1,0,0,0,-1.0,-1.0,-1.0,-1.0,-1.0,-1.0,-1.0,-1.0,-1.0,-1.0,-1.0,-1.0,-1.0,0,-2,0,0,0
0.6833333333333333,1,-1.0,0.760642910003662,-0.7629239082336425,0.3476782576860207,0.0,0.0,0.15915494309189526,0,0,1,0,1,1,53,20.0,20,-1.0,-1.1818181818181819,-0.98,-1.0,0,1,1,1,1,1,-1,-1,-1,1,-1,0,0,0,-1.0,-1.0,-1.0,-1.0,-1.0,-1.0,-1.0,-1.0,-1.0,-1.0,-1.0,-1.0,-1.0,0,-2,0,0,0
0.6799999999999999,1,-1.0,0.7605658531188966,-0.7627283096313476,0.43367667623421124,0.0,0.0,0.15915494309189526,0,0,1,0,1,1,52,20.0,20,-1.0,-1.1818181818181819,-0.98,-1.0,0,1,1,1,1,1,-1,-1,-1,-1,-1,0,0,0,-1.0,-1.0,-1.0,-1.0,-1.0,-1.0,-1.0,-1.0,-1.0,-1.0,-1.0,-1.0,-1.0,0,-2,0,0,0
0.6766666666666667,1,-1.0,0.7604805469512939,-0.7626112937927246,0.4935230214148352,0.0,0.0,0.15915494309189526,0,0,1,0,1,1,52,20.0,20,-1.0,-1.1818181818181819,-0.98,-1.0,0,1,1,1,1,1,-1,-1,-1,-1,-1,0,1,0,-1.0,-1.0,-1.0,-1.0,-1.0,-1.0,-1.0,-1.0,-1.0,-1.0,-1.0,-1.0,-1.0,0,-2,0,0,0
0.6733333333333333,1,-1.0,0.7604576110839845,-0.7625367164611816,0.5361811196581314,0.0,0.0,0.15915494309189526,0,0,1,0,1,1,51,20.00558194189629,20,-1.0,-1.1818181818181819,-0.98,-1.0,0,1,1,1,1,1,-1,-1,-1,-1,-1,0,0,0,-1.0,-1.0,-1.0,-1.0,-1.0,-1.0,-1.0,-1.0,-1.0,-1.0,-1.0,-1.0,-1.0,0,-2,0,0,0
0.6699999999999999,1,-1.0,0.7605008602142334,-0.7625573158264161,0.5780181153267059,0.0,0.0,0.15915494309189526,0,0,1,0,1,1,51,20.011362726877138,20,-1.0,-1.1818181818181819,-0.98,-1.0,0,1,1,1,1,1,-1,-1,-1,-1,-1,0,0,0,-1.0,-1.0,-1.0,-1.0,-1.0,-1.0,-1.0,-1.0,-1.0,-1.0,-1.0,-1.0,-1.0,0,-2,0,0,0
0.6666666666666667,1,-1.0,0.7605234146118165,-0.7625596046447753,0.6098086616360996,0.0,0.0,0.15915494309189526,0,0,1,0,1,1,50,20.018248610464525,20,-1.0,-1.1818181818181819,-0.98,-1.0,0,1,1,1,1,1,-1,-1,-1,-1,-1,0,0,0,-1.0,-1.0,-1.0,-1.0,-1.0,-1.0,-1.0,-1.0,-1.0,-1.0,-1.0,-1.0,-1.0,0,-2,0,0,0
0.6633333333333333,1,-1.0,0.7605345249176025,-0.762495756149292,0.6631061076040292,0.0,0.0,0.15915494309189526,0,0,1,0,1,1,50,20.033381605669327,20,-1.0,-1.1818181818181819,-0.98,-1.0,0,1,1,1,1,1,-1,-1,-1,-1,-1,0,0,0,-1.0,-1.0,-1.0,-1.0,-1.0,-1.0,-1.0,-1.0,-1.0,-1.0,-1.0,-1.0,-1.0,0,-2,0,0,0
0.6599999999999999,1,-1.0,0.7605769634246826,-0.7625358581542969,0.7281911319870622,0.0,0.0,0.15915494309189526,0,0,1,0,1,1,49,20.046349560292533,20,-1.0,-1.1818181818181819,-0.98,-1.0,0,1,1,1,1,1,-1,-1,-1,-1,-1,0,0,0,-1.0,-1.0,-1.0,-1.0,-1.0,-1.0,-1.0,-1.0,-1.0,-1.0,-1.0,-1.0,-1.0,0,-2,0,0,0
0.6566666666666667,1,-1.0,0.7604941368103026,-0.7623719692230224,0.8143219423686647,0.0,0.0,0.15915494309189526,0,0,1,0,1,1,49,20.073687847815435,20,-1.0,-1.1818181818181819,-0.98,-1.0,0,1,1,1,1,1,-1,-1,-1,-1,-1,0,1,0,-1.0,-1.0,-1.0,-1.0,-1.0,-1.0,-1.0,-1.0,-1.0,-1.0,-1.0,-1.0,-1.0,0,-2,0,0,0
0.6533333333333333,1,-1.0,0.7605226039886475,-0.7623758792877198,0.9091532753880018,0.0,0.0,0.15915494309189526,0,0,1,0,1,1,48,20.102301998105105,20,-1.0,-1.1818181818181819,-0.98,-1.0,0,1,1,1,1,1,-1,-1,-1,-1,-1,1,1,0,-1.0,-1.0,-1.0,-1.0,-1.0,-1.0,-1.0,-1.0,-1.0,-1.0,-1.0,-1.0,-1.0,0,-2,0,0,0
0.6499999999999999,1,-1.0,0.760533905029297,-0.7624165058135987,0.9812900147431285,0.0,0.02499999999999991,0.15915494309189526,0,0,1,0,1,1,48,20.126791183534003,20,-1.0,-1.1818181818181819,-0.98,-1.0,0,1,1,1,1,1,-1,-1,-1,-1,-1,0,1,0,-1.0,-1.0,-1.0,-1.0,-1.0,-1.0,-1.0,-1.0,-1.0,-1.0,-1.0,-1.0,-1.0,0,-2,0,0,0
0.6466666666666667,1,-1.0,0.727159595489502,-0.7630008697509767,-0.9871703522725648,0.0,0.02499999999999991,0.15915494309189526,0,0,1,0,1,1,47,20.0,20,-1.0,-1.1818181818181819,-0.98,-1.0,0,1,1,1,1,1,-1,-1,-1,-1,-1,0,0,0,-1.0,-1.0,-1.0,-1.0,-1.0,-1.0,-1.0,-1.0,-1.0,-1.0,-1.0,-1.0,-1.0,0,-2,0,0,0
0.6433333333333333,1,-1.0,0.6854693412780761,-0.764663314819336,-0.9871818118121722,0.0,0.02499999999999991,0.15915494309189526,0,0,1,0,1,1,47,20.0,20,-1.0,-1.1818181818181819,-0.98,-1.0,0,1,1,1,1,1,1,-1,-1,-1,-1,0,0,0,-1.0,-1.0,-1.0,-1.0,-1.0,-1.0,-1.0,-1.0,-1.0,-1.0,-1.0,-1.0,-1.0,0,-2,0,0,0
0.6399999999999999,1,-1.0,0.6354671955108642,-0.766608190536499,-0.9866243165939177,0.0,0.02499999999999991,0.15915494309189526,0,0,1,0,1,1,46,20.0,20,-1.0,-1.1818181818181819,-0.98,-1.0,0,1,1,1,1,1,-1,-1,-1,-1,-1,1,0,0,-1.0,-1.0,-1.0,-1.0,-1.0,-1.0,-1.0,-1.0,-1.0,-1.0,-1.0,-1.0,-1.0,0,-2,0,0,0
0.6366666666666667,1,-1.0,0.5882902145385742,-0.7687164783477782,-0.9865683090427235,0.0,0.02499999999999991,0.15915494309189526,0,0,1,0,1,1,46,20.0,20,-1.0,-1.1818181818181819,-0.98,-1.0,0,1,1,1,1,1,-1,-1,-1,-1,-1,1,0,0,-1.0,-1.0,-1.0,-1.0,-1.0,-1.0,-1.0,-1.0,-1.0,-1.0,-1.0,-1.0,-1.0,0,-2,0,0,0
0.6333333333333333,1,-1.0,0.5382781982421876,-0.7709957122802733,-0.9840604912524672,0.0,0.02499999999999991,0.15915494309189526,0,0,1,0,1,1,45,20.0,20,-1.0,-1.1818181818181819,-0.98,-1.0,0,1,1,1,1,1,-1,-1,-1,-1,-1,1,0,0,-1.0,-1.0,-1.0,-1.0,-1.0,-1.0,-1.0,-1.0,-1.0,-1.0,-1.0,-1.0,-1.0,0,-2,0,0,0
0.6299999999999999,1,-1.0,0.4910549640655517,-0.7733973979949951,-0.9836301134437656,0.0,0.02499999999999991,0.15915494309189526,0,0,1,0,1,1,45,20.0,20,-1.0,-1.1818181818181819,-0.98,-1.0,0,1,1,1,1,1,-1,-1,-1,1,-1,1,0,0,-1.0,-1.0,-1.0,-1.0,-1.0,-1.0,-1.0,-1.0,-1.0,-1.0,-1.0,-1.0,-1.0,0,-2,0,0,0
0.6266666666666667,1,-1.0,0.43688588142395024,-0.7762313842773437,-0.9809408402945594,0.0,0.02499999999999991,0.15915494309189526,0,0,1,0,1,1,44,20.0,20,-1.0,-1.1818181818181819,-0.98,-1.0,0,1,1,1,1,1,-1,-1,-1,-1,-1,1,0,0,-1.0,-1.0,-1.0,-1.0,-1.0,-1.0,-1.0,-1.0,-1.0,-1.0,-1.0,-1.0,-1.0,0,-2,0,0,0
0.6233333333333333,1,-1.0,0.38554680347442627,-0.7794443130493164,-0.9799882565783148,0.0,0.02499999999999991,0.15915494309189526,0,0,1,0,1,1,44,20.0,20,-1.0,-1.1818181818181819,-0.98,-1.0,0,1,1,1,1,1,-1,-1,-1,-1,-1,1,0,0,-1.0,-1.0,-1.0,-1.0,-1.0,-1.0,-1.0,-1.0,-1.0,-1.0,-1.0,-1.0,-1.0,0,-2,0,0,0
0.6200000000000001,1,-1.0,0.3369734525680541,-0.7824797630310057,-0.9799386997613369,0.0,0.02499999999999991,0.15915494309189526,0,0,1,0,1,1,43,20.0,20,-1.0,-1.1818181818181819,-0.98,-1.0,0,1,1,1,1,1,-1,-1,-1,-1,-1,0,0,0,-1.0,-1.0,-1.0,-1.0,-1.0,-1.0,-1.0,-1.0,-1.0,-1.0,-1.0,-1.0,-1.0,0,-2,0,0,0
0.6166666666666667,1,-1.0,0.2825181245803834,-0.7860887050628662,-0.9780310279261523,0.0,0.02499999999999991,0.15915494309189526,0,0,1,0,1,1,43,20.0,20,-1.0,-1.1727272727272728,-0.98,-1.0,0,1,1,1,1,1,-1,-1,-1,-1,-1,0,0,0,-1.0,-1.0,-1.0,-1.0,-1.0,-1.0,-1.0,-1.0,-1.0,-1.0,-1.0,-1.0,-1.0,0,-2,0,0,0
0.6133333333333333,1,-1.0,0.23742542266845712,-0.7894826412200928,-0.9737224687067176,0.0,0.02499999999999991,0.15915494309189526,0,0,1,0,1,1,42,20.0,20,-1.0,-1.1727272727272728,-0.98,-1.0,0,1,1,1,1,1,-1,-1,-1,-1,-1,0,0,1,-1.0,-1.0,-1.0,-1.0,-1.0,-1.0,-1.0,-1.0,-1.0,-1.0,-1.0,-1.0,-1.0,0,-2,0,0,0
0.6100000000000001,1,-1.0,0.20403406620025644,-0.792188024520874,-0.9742200859332483,0.0,0.02499999999999991,0.15915494309189526,0,0,1,0,1,1,42,20.0,20,-1.0,-1.1727272727272728,-0.98,-1.0,0,1,1,1,1,1,-1,-1,-1,-1,-1,0,0,0,-1.0,-1.0,-1.0,-1.0,-1.0,-1.0,-1.0,-1.0,-1.0,-1.0,-1.0,-1.0,-1.0,0,-2,0,0,0
0.6066666666666667,1,-1.0,0.17248253822326665,-0.7948139667510986,-0.971423199359119,0.0,0.02499999999999991,0.15915494309189526,0,0,1,0,0,1,41,20.0,10,-1.0,-1.1727272727272728,-0.98,-1.0,0,1,1,1,1,1,-1,-1,-1,-1,-1,0,2,0,-1.0,-1.0,-1.0,-1.0,-1.0,-1.0,-1.0,-1.0,-1.0,-1.0,-1.0,-1.0,-1.0,0,-2,0,0,0
0.6033333333333333,1,-1.0,0.15579344034194942,-0.7963014125823975,-0.9721594937516461,0.0,0.02499999999999991,0.15915494309189526,0,0,1,0,0,1,41,20.0,10,-1.0,-1.1727272727272728,-0.98,-1.0,0,1,1,1,1,1,-1,-1,-1,-1,-1,0,2,0,-1.0,-1.0,-1.0,-1.0,-1.0,-1.0,-1.0,-1.0,-1.0,-1.0,-1.0,-1.0,-1.0,0,-2,0,0,0
0.6000000000000001,1,-1.0,0.2208804607391357,-0.7906761646270752,-0.9730706409869258,0.0,0.02499999999999991,0.15915494309189526,0,0,1,1,0,1,40,20.0,10,-1.0,-1.1727272727272728,-0.98,-1.0,0,1,1,1,1,1,-1,-1,-1,-1,-1,0,0,0,-1.0,-1.0,-1.0,-1.0,-1.0,-1.0,-1.0,-1.0,-1.0,-1.0,-1.0,-1.0,-1.0,0,-2,0,0,0
0.5966666666666667,1,-1.0,0.2208804607391357,-0.7906761646270752,-0.9730706409869258,0.0,0.02499999999999991,0.15915494309189526,0,0,1,1,0,1,40,20.0,10,-1.0,-1.1727272727272728,-0.98,-1.0,0,1,1,1,1,1,-1,-1,-1,-1,-1,0,0,0,-1.0,-1.0,-1.0,-1.0,-1.0,-1.0,-1.0,-1.0,-1.0,-1.0,-1.0,-1.0,-1.0,0,-2,0,0,0
0.5933333333333333,1,-1.0,0.2306360483169556,-0.7898714065551757,0.9452666104776011,0.0,0.02499999999999991,0.15915494309189526,0,0,1,1,0,1,39,20.0,10,-1.0,-1.1727272727272728,-0.98,-1.0,0,1,1,1,1,1,-1,-1,-1,-1,-1,0,0,0,-1.0,-1.0,-1.0,-1.0,-1.0,-1.0,-1.0,-1.0,-1.0,-1.0,-1.0,-1.0,-1.0,0,-2,0,0,0
0.5900000000000001,1,-1.0,0.23046033382415776,-0.7898279190063476,0.8260829209915006,0.0,0.02499999999999991,0.15915494309189526,0,0,1,1,0,1,39,20.0,10,-1.0,-1.1727272727272728,-0.98,-1.0,0,1,1,1,1,1,-1,-1,-1,-1,-1,0,0,0,-1.0,-1.0,-1.0,-1.0,-1.0,-1.0,-1.0,-1.0,-1.0,-1.0,-1.0,-1.0,-1.0,0,-2,0,0,0
0.5866666666666667,1,-1.0,0.23035802841186515,-0.7897665977478028,0.7375315674590361,0.0,0.02499999999999991,0.15915494309189526,0,0,1,1,0,1,38,20.0,10,-1.0,-1.1727272727272728,-0.98,-1.0,0,1,1,1,1,1,-1,-1,-1,-1,-1,0,0,0,-1.0,-1.0,-1.0,-1.0,-1.0,-1.0,-1.0,-1.0,-1.0,-1.0,-1.0,-1.0,-1.0,0,-2,0,0,0
0.5833333333333333,1,-1.0,0.2302811384201049,-0.7897663593292237,0.6555604181729622,0.0,0.02499999999999991,0.15915494309189526,0,0,1,1,0,1,38,20.0,10,-1.0,-1.1727272727272728,-0.98,-1.0,0,1,1,1,1,1,-1,-1,-1,-1,-1,0,0,0,-0.7142857142857143,-1.0,-1.0,-1.0,-1.0,-1.0,-1.0,-1.0,-1.0,-1.0,-1.0,-1.0,-1.0,0,-2,0,0,0
0.5800000000000001,1,-1.0,0.23027675151824956,-0.7897902488708496,0.5938438913065978,0.0,0.02499999999999991,0.15915494309189526,0,0,1,1,0,1,37,20.0,10,-1.0,-1.1818181818181819,-0.98,-1.0,0,1,1,1,1,1,-1,-1,-1,-1,-1,0,0,0,-0.7142857142857143,-0.7142857142857143,-1.0,-1.0,-1.0,-1.0,-1.0,-1.0,-1.0,-1.0,-1.0,-1.0,-1.0,0,-2,0,0,0
0.5766666666666667,1,-1.0,0.23021192550659175,-0.7898379802703858,0.5264107237779052,0.0,0.02499999999999991,0.15915494309189526,0,0,1,1,0,1,37,20.0,10,-1.0,-1.1818181818181819,-1.0,-1.0,0,1,1,1,1,1,-1,-1,-1,-1,-1,0,0,0,-0.7142857142857143,-1.0,-0.9375,-1.0,-1.0,-1.0,-1.0,-1.0,-1.0,-1.0,-1.0,-1.0,-1.0,0,-2,0,0,0
0.5733333333333333,1,-1.0,0.23017435073852544,-0.7898587226867676,0.4861998064232338,0.0,0.02499999999999991,0.15915494309189526,0,0,1,1,0,1,36,20.0,10,-1.0,-1.1818181818181819,-1.0,-1.0,0,0,0,1,1,1,-1,-1,-1,-1,-1,0,0,0,-0.7142857142857143,-1.0,-1.0,-1.0,-1.0,-0.6666666666666667,-0.6666666666666667,-1.0,-1.0,-1.0,-1.0,-1.0,-1.0,0,-2,0,0,0
0.5700000000000001,1,-1.0,0.23007647991180424,-0.7898834228515625,0.41568557850544385,0.0,0.02499999999999991,0.15915494309189526,0,1,1,1,0,1,36,20.0,10,-1.0,-1.1818181818181819,-1.0,-1.0,0,0,0,1,1,0,-1,-1,-1,-1,-1,0,0,0,-0.4285714285714286,-1.0,-1.0,-1.0,-1.0,-1.0,-1.0,-1.0,-1.0,-0.6666666666666667,-1.0,-1.0,-1.0,0,-2,0,0,0
0.5666666666666667,1,-1.0,0.22998518943786617,-0.7898966312408447,0.3367847130877766,0.0,0.02499999999999991,0.15915494309189526,0,1,1,1,0,1,35,20.0,10,-1.0,-1.1818181818181819,-1.0,-1.0,0,0,0,0,0,0,-1,-1,-1,-1,-1,0,0,0,-0.7142857142857143,-1.0,-1.0,-1.0,-1.0,-1.0,-1.0,-0.6666666666666667,-0.6666666666666667,-1.0,-1.0,-1.0,-1.0,0,-2,0,0,0
0.5633333333333332,1,-1.0,0.2298324584960938,-0.7898897647857666,0.22082616303676517,0.0,0.02499999999999991,0.15915494309189526,0,1,1,1,0,1,35,20.0,10,-1.0,-1.1818181818181819,-1.0,-1.0,0,0,0,0,0,0,-1,-1,-1,-1,-1,0,0,0,-1.0,-1.0,-1.0,-1.0,-1.0,-1.0,-1.0,-1.0,-1.0,-1.0,-1.0,-1.0,-1.0,0,-2,0,0,0
0.56,1,-1.0,0.22974901199340825,-0.78990478515625,0.13264529034853112,0.0,0.02499999999999991,0.15915494309189526,0,1,1,1,0,1,34,20.0,10,-1.0,-1.1818181818181819,-1.0,-1.0,0,0,0,0,0,0,-1,-1,-1,-1,-1,0,0,0,-1.0,-1.0,-1.0,-1.0,-1.0,-1.0,-1.0,-1.0,-1.0,-1.0,-1.0,-1.0,-1.0,0,-2,0,0,0
0.5566666666666666,1,-1.0,0.24156563282012944,-0.7858003139495849,0.10156393586158341,0.0,0.02499999999999991,0.15915494309189526,0,1,1,1,0,1,34,20.0,10,-1.0,-1.1818181818181819,-1.0,-1.0,0,0,0,0,0,0,-1,-1,-1,-1,-1,0,0,1,-1.0,-1.0,-1.0,-1.0,-1.0,-1.0,-1.0,-1.0,-1.0,-1.0,-1.0,-1.0,-1.0,0,-2,0,0,0
0.5533333333333332,1,-1.0,0.27212798595428467,-0.7763689994812013,0.09164853127072803,0.0,0.02499999999999991,0.15915494309189526,0,1,1,1,0,1,33,20.0,10,-1.0,-1.1818181818181819,-1.0,-1.0,0,0,0,0,0,0,-1,-1,-1,-1,-1,0,0,0,-1.0,-1.0,-1.0,-1.0,-1.0,-1.0,-1.0,-1.0,-1.0,-1.0,-1.0,-1.0,-1.0,0,-2,0,0,0
0.55,1,-1.0,0.29478538036346436,-0.769631814956665,0.09231140112967795,0.0,0.02499999999999991,0.15915494309189526,0,1,1,1,0,1,33,20.0,10,-1.0,-1.1818181818181819,-1.0,-1.0,0,0,0,0,0,0,-1,-1,-1,-1,-1,0,0,0,-1.0,-1.0,-1.0,-1.0,-1.0,-1.0,-1.0,-1.0,-1.0,-1.0,-1.0,-1.0,-1.0,0,-2,0,0,0
0.5466666666666666,1,-1.0,0.3147655010223389,-0.7636603355407715,0.09251161104972394,0.0,0.02499999999999991,0.15915494309189526,0,1,1,1,0,1,32,20.0,10,-1.0,-1.1818181818181819,-1.0,-1.0,0,0,0,0,0,0,-1,-1,-1,-1,-1,0,0,0,-1.0,-1.0,-1.0,-1.0,-1.0,-1.0,-1.0,-1.0,-1.0,-1.0,-1.0,-1.0,-1.0,0,-2,0,0,0
0.5433333333333332,1,-1.0,0.33745496273040776,-0.7570014953613281,0.08921825510029913,0.0,0.02499999999999991,0.15915494309189526,0,1,1,1,0,1,32,20.0,10,-1.0,-1.1818181818181819,-1.0,-1.0,0,0,0,0,0,0,-1,-1,-1,-1,-1,0,0,0,-1.0,-1.0,-1.0,-1.0,-1.0,-1.0,-1.0,-1.0,-1.0,-1.0,-1.0,-1.0,-1.0,0,-2,0,0,0
0.54,1,-1.0,0.3548340320587158,-0.7519949913024903,0.08901244821968324,0.0,0.02499999999999991,0.15915494309189526,0,1,1,1,0,1,31,20.0,10,-0.98,-1.1818181818181819,-1.0,-1.0,0,0,0,0,0,0,-1,-1,-1,-1,-1,0,0,0,-1.0,-1.0,-1.0,-1.0,-1.0,-1.0,-1.0,-1.0,-1.0,-1.0,-1.0,-1.0,-1.0,0,-2,0,0,0
0.5366666666666666,1,-1.0,0.37488129138946524,-0.7462527751922607,0.08820628668377095,0.0,0.02499999999999991,0.15915494309189526,0,1,1,1,0,1,31,20.0,10,-0.9571428571428572,-1.1818181818181819,-1.0,-1.0,0,0,0,0,0,0,-1,-1,-1,-1,-1,0,0,0,-1.0,-1.0,-1.0,-1.0,-1.0,-1.0,-1.0,-1.0,-1.0,-1.0,-1.0,-1.0,-1.0,0,-2,0,0,0
0.5333333333333334,0,-1.0,0.41630969047546396,-0.7344223022460937,0.08875613588470466,0.0,0.02499999999999991,0.15915494309189526,0,1,1,1,0,1,30,20.0,10,-0.9485714285714286,-1.1818181818181819,-1.0,-1.0,1,0,0,0,0,0,-1,-1,-1,-1,-1,0,0,0,-1.0,-1.0,-1.0,-1.0,-1.0,-1.0,-1.0,-1.0,-1.0,-1.0,-1.0,-1.0,-1.0,0,-2,0,0,0
0.53,0,-1.0,0.4550857067108154,-0.7233375549316406,0.0887061142354082,0.0,0.02499999999999991,0.15915494309189526,0,1,1,1,0,1,30,20.0,10,-0.9596825396825397,-1.1818181818181819,-1.0,-1.0,1,0,0,0,0,0,-1,-1,-1,-1,-1,1,0,0,-1.0,-1.0,-1.0,-1.0,-1.0,-1.0,-1.0,-1.0,-1.0,-1.0,-1.0,-1.0,-1.0,0,-2,0,0,0
0.5266666666666666,0,-1.0,0.457757043838501,-0.7225747585296631,0.088471022918726,0.0,0.02499999999999991,0.15915494309189526,0,1,1,1,0,1,29,20.0,10,-0.9707936507936508,-1.1818181818181819,-1.0,-1.0,1,0,0,0,0,0,-1,-1,-1,-1,-1,0,0,0,-1.0,-1.0,-1.0,-1.0,-1.0,-1.0,-1.0,-1.0,-1.0,-1.0,-1.0,-1.0,-1.0,0,-2,0,0,0
0.5233333333333334,0,-1.0,0.457757043838501,-0.7225747585296631,0.088471022918726,0.0,0.02499999999999991,0.15915494309189526,0,1,1,1,0,1,29,20.0,10,-0.981904761904762,-1.1818181818181819,-1.0,-1.0,1,0,0,0,0,0,-1,-1,-1,-1,-1,0,0,0,-1.0,-1.0,-1.0,-1.0,-1.0,-1.0,-1.0,-1.0,-1.0,-1.0,-1.0,-1.0,-1.0,0,-2,0,0,0
0.52,0,-1.0,0.457757043838501,-0.7225747585296631,0.088471022918726,0.0,0.02499999999999991,0.15915494309189526,0,1,1,1,0,1,28,20.0,10,-0.981904761904762,-1.1818181818181819,-1.0,-1.0,1,0,0,0,0,0,-1,-1,-1,-1,-1,1,0,0,-1.0,-1.0,-1.0,-1.0,-1.0,-1.0,-1.0,-1.0,-1.0,-1.0,-1.0,-1.0,-1.0,0,-2,0,0,0
0.5166666666666666,0,-1.0,0.457757043838501,-0.7225747585296631,0.088471022918726,0.0,0.02499999999999991,0.15915494309189526,0,1,1,1,0,1,28,20.0,10,-0.981904761904762,-1.1818181818181819,-1.0,-0.98,1,0,0,0,0,0,-1,-1,-1,-1,-1,0,0,0,-1.0,-1.0,-1.0,-1.0,-1.0,-1.0,-1.0,-1.0,-1.0,-1.0,-1.0,-1.0,-1.0,0,-2,0,0,0
0.5133333333333334,0,-1.0,0.457757043838501,-0.7225747585296631,0.088471022918726,0.0,0.02499999999999991,0.15915494309189526,0,1,1,1,0,1,27,20.0,10,-0.981904761904762,-1.1818181818181819,-1.0,-0.98,1,0,0,0,0,0,-1,-1,-1,-1,-1,0,0,0,-1.0,-1.0,-1.0,-1.0,-1.0,-1.0,-1.0,-1.0,-1.0,-1.0,-1.0,-1.0,-1.0,0,-2,0,0,0
0.51,0,-1.0,0.457757043838501,-0.7225747585296631,0.088471022918726,0.0,0.02499999999999991,0.15915494309189526,0,1,1,1,0,1,27,20.0,10,-0.981904761904762,-1.1818181818181819,-1.0,-0.98,1,0,0,0,0,0,-1,-1,-1,-1,-1,0,0,0,-1.0,-1.0,-1.0,-1.0,-1.0,-1.0,-1.0,-1.0,-1.0,-1.0,-1.0,-1.0,-1.0,0,-2,0,0,0
0.5066666666666666,0,-0.7142857142857143,0.457757043838501,-0.7225747585296631,0.088471022918726,0.0,0.02499999999999991,0.15915494309189526,0,1,1,1,0,1,26,20.0,10,-0.981904761904762,-1.1818181818181819,-1.0,-0.98,1,0,0,0,0,0,-1,-1,-1,-1,-1,0,0,0,-1.0,-1.0,-1.0,-1.0,-1.0,-1.0,-1.0,-1.0,-1.0,-1.0,-1.0,-1.0,-1.0,0,-2,0,0,0
0.5033333333333334,0,-1.0,0.457757043838501,-0.7225747585296631,0.088471022918726,0.0,0.02499999999999991,0.15915494309189526,0,1,1,1,0,1,26,20.0,10,-0.981904761904762,-1.1818181818181819,-1.0,-0.98,1,0,0,0,0,0,-1,-1,-1,-1,-1,0,0,0,-1.0,-1.0,-1.0,-1.0,-1.0,-1.0,-1.0,-1.0,-1.0,-1.0,-1.0,-1.0,-1.0,0,-2,0,0,0
0.5,1,-1.0,0.457757043838501,-0.7225747585296631,0.088471022918726,0.0,0.02499999999999991,0.15915494309189526,0,1,1,1,0,1,25,20.0,10,-0.981904761904762,-1.1818181818181819,-1.0,-0.98,1,0,1,0,0,0,-1,-1,-1,-1,-1,0,0,0,-1.0,-1.0,-1.0,-1.0,-1.0,-1.0,-1.0,-1.0,-1.0,-1.0,-1.0,-1.0,-1.0,0,-2,0,0,0
0.4966666666666666,1,-1.0,0.457757043838501,-0.7225747585296631,0.088471022918726,0.0,0.02499999999999991,0.15915494309189526,0,1,1,1,0,1,25,20.0,10,-0.981904761904762,-1.1818181818181819,-1.0,-0.98,1,0,1,0,0,0,-1,-1,-1,-1,-1,0,0,0,-1.0,-1.0,-1.0,-1.0,-1.0,-1.0,-1.0,-1.0,-1.0,-1.0,-0.6666666666666667,-1.0,-1.0,0,-2,0,0,0
0.4933333333333334,1,-1.0,0.457757043838501,-0.7225747585296631,0.088471022918726,0.0,0.02499999999999991,0.15915494309189526,0,1,1,1,0,1,24,20.0,10,-0.981904761904762,-1.1818181818181819,-1.0,-0.98,1,0,1,0,0,0,-1,-1,-1,-1,-1,0,0,0,-1.0,-1.0,-1.0,-1.0,-1.0,-1.0,-1.0,-1.0,-1.0,-1.0,-1.0,-1.0,-1.0,0,-2,0,0,0
0.49,1,-1.0,0.457757043838501,-0.7225747585296631,0.088471022918726,0.0,0.02499999999999991,0.15915494309189526,0,1,1,1,0,1,24,20.0,10,-0.981904761904762,-1.1818181818181819,-1.0,-0.98,1,0,1,0,0,0,-1,-1,-1,-1,-1,0,0,0,-1.0,-1.0,-1.0,-1.0,-1.0,-1.0,-1.0,-1.0,-1.0,-1.0,-1.0,-1.0,-1.0,0,-2,0,0,0
0.4866666666666666,1,-1.0,0.45781936645507804,-0.7225063800811767,0.145985143089006,0.0,0.02499999999999991,0.15915494309189526,0,1,1,1,0,1,23,20.0,10,-0.9152380952380953,-1.1818181818181819,-1.0,-0.98,1,0,1,0,0,0,-1,-1,-1,-1,-1,0,0,1,-1.0,-1.0,-1.0,-1.0,-1.0,-1.0,-1.0,-1.0,-1.0,-1.0,-1.0,-1.0,-1.0,0,-2,0,0,0
0.4833333333333334,1,-1.0,0.4579395294189452,-0.722437858581543,0.2613664283186652,0.0,0.02499999999999991,0.15915494309189526,0,1,1,1,0,1,23,20.0,10,-0.8433333333333335,-1.1818181818181819,-1.0,-0.98,1,0,1,0,0,0,-1,-1,-1,-1,-1,0,0,0,-1.0,-1.0,-1.0,-1.0,-1.0,-1.0,-1.0,-1.0,-1.0,-1.0,-1.0,-1.0,-1.0,0,-2,0,0,0
0.48,1,-1.0,0.4580907344818115,-0.7223645687103273,0.37051321173767504,0.0,0.02499999999999991,0.15915494309189526,0,1,1,1,0,1,22,20.0,10,-0.8033333333333335,-1.1818181818181819,-1.0,-0.98,1,0,1,0,0,0,-1,-1,-1,-1,-1,0,0,0,-1.0,-1.0,-1.0,-1.0,-1.0,-1.0,-1.0,-1.0,-1.0,-1.0,-1.0,-1.0,-1.0,0,-2,0,0,0
0.47666666666666657,1,0.4285714285714286,0.4637355327606201,-0.7036964893341063,0.4137472846554804,0.0,0.02499999999999991,0.15915494309189526,0,1,1,1,0,1,22,20.0,10,-0.8366666666666668,-1.1818181818181819,-1.0,-0.98,1,0,1,0,0,0,-1,-1,-1,1,-1,0,1,0,-1.0,-1.0,-1.0,-1.0,-1.0,-1.0,-1.0,-1.0,-1.0,-1.0,-1.0,-1.0,-1.0,0,-2,0,0,0
0.4733333333333334,1,-1.0,0.4737792968750001,-0.664631986618042,0.4225463137992447,0.0,0.02499999999999991,0.15915494309189526,0,1,1,1,0,1,21,20.0,10,-0.8700000000000001,-1.1818181818181819,-1.0,-0.98,1,0,1,0,0,0,-1,1,-1,1,-1,0,0,0,-1.0,-1.0,-1.0,-1.0,-1.0,-1.0,-1.0,-1.0,-1.0,-1.0,-1.0,-1.0,-1.0,0,-2,0,0,0
0.47,1,-1.0,0.48546166419982906,-0.6173903942108153,0.4230610823896912,0.0,0.02499999999999991,0.15915494309189526,0,1,1,1,0,1,21,20.0,10,-0.9033333333333334,-1.1818181818181819,-1.0,-0.98,1,0,1,0,0,0,-1,-1,1,-1,-1,1,0,0,-1.0,-1.0,-1.0,-1.0,-1.0,-1.0,-1.0,-1.0,-1.0,-1.0,-1.0,-1.0,-1.0,0,-2,0,0,0
0.46666666666666656,1,-1.0,0.4974476814270019,-0.5687728881835937,0.423144069188107,0.0,0.02499999999999991,0.15915494309189526,0,1,1,1,0,1,20,20.0,10,-0.9366666666666668,-1.1818181818181819,-1.0,-0.98,1,0,1,0,0,0,-1,-1,-1,-1,-1,0,0,0,-1.0,-1.0,-1.0,-1.0,-1.0,-1.0,-1.0,-1.0,-1.0,-1.0,-1.0,-1.0,-1.0,0,-2,0,0,0
0.4633333333333334,1,-1.0,0.5087736606597901,-0.5228722572326661,0.423685323734335,0.0,0.02499999999999991,0.15915494309189526,0,1,1,1,0,1,20,20.0,10,-0.9700000000000001,-1.1818181818181819,-1.0,-0.98,1,0,1,0,0,0,-1,-1,-1,-1,-1,0,0,0,-1.0,-1.0,-1.0,-1.0,-1.0,-1.0,-1.0,-1.0,-1.0,-1.0,-0.6666666666666667,-1.0,-1.0,0,-2,0,0,0
0.45999999999999996,1,-1.0,0.5206799983978272,-0.4742800235748291,0.4236142897669668,0.0,0.02499999999999991,0.15915494309189526,0,1,1,1,0,1,19,20.0,10,-0.9833333333333334,-1.1818181818181819,-1.0,-0.98,1,0,1,0,0,0,1,-1,1,-1,-1,0,0,0,-1.0,-1.0,-1.0,-1.0,-1.0,-1.0,-1.0,-1.0,-1.0,-1.0,-1.0,-1.0,-1.0,0,-2,0,0,0
0.4566666666666668,1,-1.0,0.5335539340972901,-0.4215732097625733,0.42445812169342667,0.0,0.02499999999999991,0.15915494309189526,0,1,1,1,0,1,19,20.0,10,-0.9833333333333334,-1.1818181818181819,-1.0,-0.98,1,0,1,0,0,0,-1,-1,1,-1,-1,0,0,0,-1.0,-1.0,-1.0,-1.0,-1.0,-1.0,-1.0,-1.0,-1.0,-1.0,-1.0,-1.0,-1.0,0,-2,0,0,0
0.45333333333333337,1,-1.0,0.5467495441436767,-0.3675294637680053,0.42347180443178134,0.0,0.02499999999999991,0.15915494309189526,0,1,1,1,0,1,18,20.0,10,-0.9833333333333334,-1.1818181818181819,-1.0,-0.98,1,0,1,0,0,0,-1,-1,1,-1,-1,0,0,0,-1.0,-1.0,-1.0,-1.0,-1.0,-1.0,-1.0,-1.0,-1.0,-1.0,-1.0,-1.0,-1.0,0,-2,0,0,0
0.44999999999999996,1,-1.0,0.5590052604675293,-0.31755204200744624,0.4232758918390882,0.0,0.02499999999999991,0.15915494309189526,0,1,1,1,0,1,18,20.0,10,-0.9833333333333334,-1.1818181818181819,-1.0,-0.98,1,0,1,0,0,0,-1,1,1,-1,-1,0,0,0,-1.0,-1.0,-1.0,-1.0,-1.0,-1.0,-1.0,-1.0,-1.0,-1.0,-1.0,-1.0,-1.0,0,-2,0,0,0
0.44666666666666677,1,-1.0,0.571575403213501,-0.2662197828292847,0.4233495819911335,0.0,0.02499999999999991,0.15915494309189526,0,1,1,1,0,1,17,20.0,10,-0.9833333333333334,-1.1818181818181819,-1.0,-0.98,1,0,1,0,0,0,-1,-1,1,-1,-1,0,0,0,-1.0,-1.0,-1.0,-1.0,-1.0,-1.0,-1.0,-1.0,-1.0,-1.0,-1.0,-1.0,-1.0,0,-2,0,0,0
0.44333333333333336,1,-1.0,0.5835232734680176,-0.21760466098785403,0.4237119994175935,0.0,0.02499999999999991,0.15915494309189526,0,1,1,1,0,1,17,20.0,10,-0.9833333333333334,-1.1818181818181819,-1.0,-0.98,1,0,1,0,0,0,-1,-1,-1,-1,-1,0,0,0,-1.0,-1.0,-1.0,-1.0,-1.0,-1.0,-1.0,-1.0,-1.0,-1.0,-1.0,-1.0,-1.0,0,-2,0,0,0
0.43999999999999995,1,-1.0,0.5963459491729737,-0.16491647958755495,0.4237487306571299,0.0,0.02499999999999991,0.15915494309189526,0,1,1,1,0,1,16,20.0,10,-0.9833333333333334,-1.1818181818181819,-1.0,-0.98,1,0,1,0,0,0,-1,-1,-1,-1,-1,0,0,0,-1.0,-1.0,-1.0,-1.0,-1.0,-1.0,-1.0,-1.0,-1.0,-1.0,-1.0,-1.0,-1.0,0,-2,0,0,0
